0.521000 0.000000 0.200000
0.521000 0.000000 0.199620
0.521000 0.000000 0.199240
0.521000 0.000000 0.198860
0.521000 0.000000 0.198480
0.521000 0.000000 0.198100
0.521000 0.000000 0.197720
0.521000 0.000000 0.197340
0.521000 0.000000 0.196960
0.521000 0.000000 0.196580
0.521000 0.000000 0.196200
0.521000 0.000000 0.195820
0.521000 0.000000 0.195440
0.521000 0.000000 0.195060
0.521000 0.000000 0.194680
0.521000 0.000000 0.194300
0.521000 0.000000 0.193920
0.521000 0.000000 0.193540
0.521000 0.000000 0.193160
0.521000 0.000000 0.192780
0.521000 0.000000 0.192400
0.521000 0.000000 0.192020
0.521000 0.000000 0.191640
0.521000 0.000000 0.191260
0.521000 0.000000 0.190880
0.521000 0.000000 0.190500
0.521000 0.000000 0.190120
0.521000 0.000000 0.189740
0.521000 0.000000 0.189360
0.521000 0.000000 0.188980
0.521000 0.000000 0.188600
0.521000 0.000000 0.188220
0.521000 0.000000 0.187840
0.521000 0.000000 0.187460
0.521000 0.000000 0.187080
0.521000 0.000000 0.186700
0.521000 0.000000 0.186320
0.521000 0.000000 0.185940
0.521000 0.000000 0.185560
0.521000 0.000000 0.185180
0.521000 0.000000 0.184800
0.521000 0.000000 0.184420
0.521000 0.000000 0.184040
0.521000 0.000000 0.183660
0.521000 0.000000 0.183280
0.521000 0.000000 0.182900
0.521000 0.000000 0.182520
0.521000 0.000000 0.182140
0.521000 0.000000 0.181760
0.521000 0.000000 0.181380
0.521000 0.000000 0.181000
0.521000 0.000000 0.180620
0.521000 0.000000 0.180240
0.521000 0.000000 0.179860
0.521000 0.000000 0.179480
0.521000 0.000000 0.179100
0.521000 0.000000 0.178720
0.521000 0.000000 0.178340
0.521000 0.000000 0.177960
0.521000 0.000000 0.177580
0.521000 0.000000 0.177200
0.521000 0.000000 0.176820
0.521000 0.000000 0.176440
0.521000 0.000000 0.176060
0.521000 0.000000 0.175680
0.521000 0.000000 0.175300
0.521000 0.000000 0.174920
0.521000 0.000000 0.174540
0.521000 0.000000 0.174160
0.521000 0.000000 0.173780
0.521000 0.000000 0.173400
0.521000 0.000000 0.173020
0.521000 0.000000 0.172640
0.521000 0.000000 0.172260
0.521000 0.000000 0.171880
0.521000 0.000000 0.171500
0.521000 0.000000 0.171120
0.521000 0.000000 0.170740
0.521000 0.000000 0.170360
0.521000 0.000000 0.169980
0.521000 0.000000 0.169600
0.521000 0.000000 0.169220
0.521000 0.000000 0.168840
0.521000 0.000000 0.168460
0.521000 0.000000 0.168080
0.521000 0.000000 0.167700
0.521000 0.000000 0.167320
0.521000 0.000000 0.166940
0.521000 0.000000 0.166560
0.521000 0.000000 0.166180
0.521000 0.000000 0.165800
0.521000 0.000000 0.165420
0.521000 0.000000 0.165040
0.521000 0.000000 0.164660
0.521000 0.000000 0.164280
0.521000 0.000000 0.163900
0.521000 0.000000 0.163520
0.521000 0.000000 0.163140
0.521000 0.000000 0.162760
0.521000 0.000000 0.162380
0.521000 0.000000 0.162000
0.521000 0.000000 0.161620
0.521000 0.000000 0.161240
0.521000 0.000000 0.160860
0.521000 0.000000 0.160480
0.521000 0.000000 0.160100
0.521000 0.000000 0.159720
0.521000 0.000000 0.159340
0.521000 0.000000 0.158960
0.521000 0.000000 0.158580
0.521000 0.000000 0.158200
0.521000 0.000000 0.157820
0.521000 0.000000 0.157440
0.521000 0.000000 0.157060
0.521000 0.000000 0.156680
0.521000 0.000000 0.156300
0.521000 0.000000 0.155920
0.521000 0.000000 0.155540
0.521000 0.000000 0.155160
0.521000 0.000000 0.154780
0.521000 0.000000 0.154400
0.521000 0.000000 0.154020
0.521000 0.000000 0.153640
0.521000 0.000000 0.153260
0.521000 0.000000 0.152880
0.521000 0.000000 0.152500
0.521000 0.000000 0.152120
0.521000 0.000000 0.151740
0.521000 0.000000 0.151360
0.521000 0.000000 0.150980
0.521000 0.000000 0.150600
0.521000 0.000000 0.150220
0.521000 0.000000 0.149840
0.521000 0.000000 0.149460
0.521000 0.000000 0.149080
0.521000 0.000000 0.148700
0.521000 0.000000 0.148320
0.521000 0.000000 0.147940
0.521000 0.000000 0.147560
0.521000 0.000000 0.147180
0.521000 0.000000 0.146800
0.521000 0.000000 0.146420
0.521000 0.000000 0.146040
0.521000 0.000000 0.145660
0.521000 0.000000 0.145280
0.521000 0.000000 0.144900
0.521000 0.000000 0.144520
0.521000 0.000000 0.144140
0.521000 0.000000 0.143760
0.521000 0.000000 0.143380
0.521000 0.000000 0.143000
0.521000 0.000000 0.142620
0.521000 0.000000 0.142240
0.521000 0.000000 0.141860
0.521000 0.000000 0.141480
0.521000 0.000000 0.141100
0.521000 0.000000 0.140720
0.521000 0.000000 0.140340
0.521000 0.000000 0.139960
0.521000 0.000000 0.139580
0.521000 0.000000 0.139200
0.521000 0.000000 0.138820
0.521000 0.000000 0.138440
0.521000 0.000000 0.138060
0.521000 0.000000 0.137680
0.521000 0.000000 0.137300
0.521000 0.000000 0.136920
0.521000 0.000000 0.136540
0.521000 0.000000 0.136160
0.521000 0.000000 0.135780
0.521000 0.000000 0.135400
0.521000 0.000000 0.135020
0.521000 0.000000 0.134640
0.521000 0.000000 0.134260
0.521000 0.000000 0.133880
0.521000 0.000000 0.133500
0.521000 0.000000 0.133120
0.521000 0.000000 0.132740
0.521000 0.000000 0.132360
0.521000 0.000000 0.131980
0.521000 0.000000 0.131600
0.521000 0.000000 0.131220
0.521000 0.000000 0.130840
0.521000 0.000000 0.130460
0.521000 0.000000 0.130080
0.521000 0.000000 0.129700
0.521000 0.000000 0.129320
0.521000 0.000000 0.128940
0.521000 0.000000 0.128560
0.521000 0.000000 0.128180
0.521000 0.000000 0.127800
0.521000 0.000000 0.127420
0.521000 0.000000 0.127040
0.521000 0.000000 0.126660
0.521000 0.000000 0.126280
0.521000 0.000000 0.125900
0.521000 0.000000 0.125520
0.521000 0.000000 0.125140
0.521000 0.000000 0.124760
0.521000 0.000000 0.124380
0.521000 0.000000 0.124000
0.521000 0.000000 0.123620
0.521000 0.000000 0.123240
0.521000 0.000000 0.122860
0.521000 0.000000 0.122480
0.521000 0.000000 0.122100
0.521000 0.000000 0.121720
0.521000 0.000000 0.121340
0.521000 0.000000 0.120960
0.521000 0.000000 0.120580
0.521000 0.000000 0.120200
0.521000 0.000000 0.119820
0.521000 0.000000 0.119440
0.521000 0.000000 0.119060
0.521000 0.000000 0.118680
0.521000 0.000000 0.118300
0.521000 0.000000 0.117920
0.521000 0.000000 0.117540
0.521000 0.000000 0.117160
0.521000 0.000000 0.116780
0.521000 0.000000 0.116400
0.521000 0.000000 0.116020
0.521000 0.000000 0.115640
0.521000 0.000000 0.115260
0.521000 0.000000 0.114880
0.521000 0.000000 0.114500
0.521000 0.000000 0.114120
0.521000 0.000000 0.113740
0.521000 0.000000 0.113360
0.521000 0.000000 0.112980
0.521000 0.000000 0.112600
0.521000 0.000000 0.112220
0.521000 0.000000 0.111840
0.521000 0.000000 0.111460
0.521000 0.000000 0.111080
0.521000 0.000000 0.110700
0.521000 0.000000 0.110320
0.521000 0.000000 0.109940
0.521000 0.000000 0.109560
0.521000 0.000000 0.109180
0.521000 0.000000 0.108800
0.521000 0.000000 0.108420
0.521000 0.000000 0.108040
0.521000 0.000000 0.107660
0.521000 0.000000 0.107280
0.521000 0.000000 0.106900
0.521000 0.000000 0.106520
0.521000 0.000000 0.106140
0.521000 0.000000 0.105760
0.521000 0.000000 0.105380
0.521000 0.000000 0.105000
0.521000 0.000000 0.104620
0.521000 0.000000 0.104240
0.521000 0.000000 0.103860
0.521000 0.000000 0.103480
0.521000 0.000000 0.103100
0.521000 0.000000 0.102720
0.521000 0.000000 0.102340
0.521000 0.000000 0.101960
0.521000 0.000000 0.101580
0.521000 0.000000 0.101200
0.521000 0.000000 0.100820
0.521000 0.000000 0.100440
0.521000 0.000000 0.100060
0.521000 0.000000 0.099680
0.521000 0.000000 0.099300
0.521000 0.000000 0.098920
0.521000 0.000000 0.098540
0.521000 0.000000 0.098160
0.521000 0.000000 0.097780
0.521000 0.000000 0.097400
0.521000 0.000000 0.097020
0.521000 0.000000 0.096640
0.521000 0.000000 0.096260
0.521000 0.000000 0.095880
0.521000 0.000000 0.095500
0.521000 0.000000 0.095120
0.521000 0.000000 0.094740
0.521000 0.000000 0.094360
0.521000 0.000000 0.093980
0.521000 0.000000 0.093600
0.521000 0.000000 0.093220
0.521000 0.000000 0.092840
0.521000 0.000000 0.092460
0.521000 0.000000 0.092080
0.521000 0.000000 0.091700
0.521000 0.000000 0.091320
0.521000 0.000000 0.090940
0.521000 0.000000 0.090560
0.521000 0.000000 0.090180
0.521000 0.000000 0.089800
0.521000 0.000000 0.089420
0.521000 0.000000 0.089040
0.521000 0.000000 0.088660
0.521000 0.000000 0.088280
0.521000 0.000000 0.087900
0.521000 0.000000 0.087520
0.521000 0.000000 0.087140
0.521000 0.000000 0.086760
0.521000 0.000000 0.086380
0.521000 0.000000 0.086000
0.521000 0.000000 0.085620
0.521000 0.000000 0.085240
0.521000 0.000000 0.084860
0.521000 0.000000 0.084480
0.521000 0.000000 0.084100
0.521000 0.000000 0.083720
0.521000 0.000000 0.083340
0.521000 0.000000 0.082960
0.521000 0.000000 0.082580
0.521000 0.000000 0.082200
0.521000 0.000000 0.081820
0.521000 0.000000 0.081440
0.521000 0.000000 0.081060
0.521000 0.000000 0.080680
0.521000 0.000000 0.080300
0.521000 0.000000 0.079920
0.521000 0.000000 0.079540
0.521000 0.000000 0.079160
0.521000 0.000000 0.078780
0.521000 0.000000 0.078400
0.521000 0.000000 0.078020
0.521000 0.000000 0.077640
0.521000 0.000000 0.077260
0.521000 0.000000 0.076880
0.521000 0.000000 0.076500
0.521000 0.000000 0.076120
0.521000 0.000000 0.075740
0.521000 0.000000 0.075360
0.521000 0.000000 0.074980
0.521000 0.000000 0.074600
0.521000 0.000000 0.074220
0.521000 0.000000 0.073840
0.521000 0.000000 0.073460
0.521000 0.000000 0.073080
0.521000 0.000000 0.072700
0.521000 0.000000 0.072320
0.521000 0.000000 0.071940
0.521000 0.000000 0.071560
0.521000 0.000000 0.071180
0.521000 0.000000 0.070800
0.521000 0.000000 0.070420
0.521000 0.000000 0.070040
0.521000 0.000000 0.069660
0.521000 0.000000 0.069280
0.521000 0.000000 0.068900
0.521000 0.000000 0.068520
0.521000 0.000000 0.068140
0.521000 0.000000 0.067760
0.521000 0.000000 0.067380
0.521000 0.000000 0.067000
0.521000 0.000000 0.066620
0.521000 0.000000 0.066240
0.521000 0.000000 0.065860
0.521000 0.000000 0.065480
0.521000 0.000000 0.065100
0.521000 0.000000 0.064720
0.521000 0.000000 0.064340
0.521000 0.000000 0.063960
0.521000 0.000000 0.063580
0.521000 0.000000 0.063200
0.521000 0.000000 0.062820
0.521000 0.000000 0.062440
0.521000 0.000000 0.062060
0.521000 0.000000 0.061680
0.521000 0.000000 0.061300
0.521000 0.000000 0.060920
0.521000 0.000000 0.060540
0.521000 0.000000 0.060160
0.521000 0.000000 0.059780
0.521000 0.000000 0.059400
0.521000 0.000000 0.059020
0.521000 0.000000 0.058640
0.521000 0.000000 0.058260
0.521000 0.000000 0.057880
0.521000 0.000000 0.057500
0.521000 0.000000 0.057120
0.521000 0.000000 0.056740
0.521000 0.000000 0.056360
0.521000 0.000000 0.055980
0.521000 0.000000 0.055600
0.521000 0.000000 0.055220
0.521000 0.000000 0.054840
0.521000 0.000000 0.054460
0.521000 0.000000 0.054080
0.521000 0.000000 0.053700
0.521000 0.000000 0.053320
0.521000 0.000000 0.052940
0.521000 0.000000 0.052560
0.521000 0.000000 0.052180
0.521000 0.000000 0.051800
0.521000 0.000000 0.051420
0.521000 0.000000 0.051040
0.521000 0.000000 0.050660
0.521000 0.000000 0.050280
0.521000 0.000000 0.049900
0.521000 0.000000 0.049520
0.521000 0.000000 0.049140
0.521000 0.000000 0.048760
0.521000 0.000000 0.048380
0.521000 0.000000 0.048000
0.521000 0.000000 0.047620
0.521000 0.000000 0.047240
0.521000 0.000000 0.046860
0.521000 0.000000 0.046480
0.521000 0.000000 0.046100
0.521000 0.000000 0.045720
0.521000 0.000000 0.045340
0.521000 0.000000 0.044960
0.521000 0.000000 0.044580
0.521000 0.000000 0.044200
0.521000 0.000000 0.043820
0.521000 0.000000 0.043440
0.521000 0.000000 0.043060
0.521000 0.000000 0.042680
0.521000 0.000000 0.042300
0.521000 0.000000 0.041920
0.521000 0.000000 0.041540
0.521000 0.000000 0.041160
0.521000 0.000000 0.040780
0.521000 0.000000 0.040400
0.521000 0.000000 0.040020
0.521000 0.000000 0.039640
0.521000 0.000000 0.039260
0.521000 0.000000 0.038880
0.521000 0.000000 0.038500
0.521000 0.000000 0.038120
0.521000 0.000000 0.037740
0.521000 0.000000 0.037360
0.521000 0.000000 0.036980
0.521000 0.000000 0.036600
0.521000 0.000000 0.036220
0.521000 0.000000 0.035840
0.521000 0.000000 0.035460
0.521000 0.000000 0.035080
0.521000 0.000000 0.034700
0.521000 0.000000 0.034320
0.521000 0.000000 0.033940
0.521000 0.000000 0.033560
0.521000 0.000000 0.033180
0.521000 0.000000 0.032800
0.521000 0.000000 0.032420
0.521000 0.000000 0.032040
0.521000 0.000000 0.031660
0.521000 0.000000 0.031280
0.521000 0.000000 0.030900
0.521000 0.000000 0.030520
0.521000 0.000000 0.030140
0.521000 0.000000 0.029760
0.521000 0.000000 0.029380
0.521000 0.000000 0.029000
0.521000 0.000000 0.028620
0.521000 0.000000 0.028240
0.521000 0.000000 0.027860
0.521000 0.000000 0.027480
0.521000 0.000000 0.027100
0.521000 0.000000 0.026720
0.521000 0.000000 0.026340
0.521000 0.000000 0.025960
0.521000 0.000000 0.025580
0.521000 0.000000 0.025200
0.521000 0.000000 0.024820
0.521000 0.000000 0.024440
0.521000 0.000000 0.024060
0.521000 0.000000 0.023680
0.521000 0.000000 0.023300
0.521000 0.000000 0.022920
0.521000 0.000000 0.022540
0.521000 0.000000 0.022160
0.521000 0.000000 0.021780
0.521000 0.000000 0.021400
0.521000 0.000000 0.021020
0.521000 0.000000 0.020640
0.521000 0.000000 0.020260
0.521000 0.000000 0.019880
0.521000 0.000000 0.019500
0.521000 0.000000 0.019120
0.521000 0.000000 0.018740
0.521000 0.000000 0.018360
0.521000 0.000000 0.017980
0.521000 0.000000 0.017600
0.521000 0.000000 0.017220
0.521000 0.000000 0.016840
0.521000 0.000000 0.016460
0.521000 0.000000 0.016080
0.521000 0.000000 0.015700
0.521000 0.000000 0.015320
0.521000 0.000000 0.014940
0.521000 0.000000 0.014560
0.521000 0.000000 0.014180
0.521000 0.000000 0.013800
0.521000 0.000000 0.013420
0.521000 0.000000 0.013040
0.521000 0.000000 0.012660
0.521000 0.000000 0.012280
0.521000 0.000000 0.011900
0.521000 0.000000 0.011520
0.521000 0.000000 0.011140
0.521000 0.000000 0.010760
0.521000 0.000000 0.010380
0.521000 0.000000 0.010000
0.521000 0.000000 0.010000
0.521000 0.000000 0.010000
0.521000 0.000000 0.010000
0.521000 0.000000 0.010000
0.521000 0.000000 0.010000
0.521000 0.000000 0.010000
0.521000 0.000000 0.010000
0.521000 0.000000 0.010000
0.521000 0.000000 0.010000
0.521000 0.000000 0.010000
0.521000 0.000000 0.010000
0.521000 0.000000 0.010000
0.521000 0.000000 0.010000
0.521000 0.000000 0.010000
0.521000 0.000000 0.010000
0.521000 0.000000 0.010000
0.521000 0.000000 0.010000
0.521000 0.000000 0.010000
0.521000 0.000000 0.010000
0.521000 0.000000 0.010000
0.521000 0.000000 0.010000
0.521000 0.000000 0.010000
0.521000 0.000000 0.010000
0.521000 0.000000 0.010000
0.521000 0.000000 0.010000
0.521000 0.000000 0.010000
0.521000 0.000000 0.010000
0.521000 0.000000 0.010000
0.521000 0.000000 0.010000
0.521000 0.000000 0.010000
0.521000 0.000000 0.010000
0.521000 0.000000 0.010000
0.521000 0.000000 0.010000
0.521000 0.000000 0.010000
0.521000 0.000000 0.010000
0.521000 0.000000 0.010000
0.521000 0.000000 0.010000
0.521000 0.000000 0.010000
0.521000 0.000000 0.010000
0.521000 0.000000 0.010000
0.521000 0.000000 0.010000
0.521000 0.000000 0.010000
0.521000 0.000000 0.010000
0.521000 0.000000 0.010000
0.521000 0.000000 0.010000
0.521000 0.000000 0.010000
0.521000 0.000000 0.010000
0.521000 0.000000 0.010000
0.521000 0.000000 0.010000
0.521000 0.000000 0.010000
0.521000 0.000000 0.010000
0.521000 0.000000 0.010000
0.521000 0.000000 0.010000
0.521000 0.000000 0.010000
0.521000 0.000000 0.010000
0.521000 0.000000 0.010000
0.521000 0.000000 0.010000
0.521000 0.000000 0.010000
0.521000 0.000000 0.010000
0.521000 0.000000 0.010000
0.521000 0.000000 0.010000
0.521000 0.000000 0.010000
0.521000 0.000000 0.010000
0.521000 0.000000 0.010000
0.521000 0.000000 0.010000
0.521000 0.000000 0.010000
0.521000 0.000000 0.010000
0.521000 0.000000 0.010000
0.521000 0.000000 0.010000
0.521000 0.000000 0.010000
0.521000 0.000000 0.010000
0.521000 0.000000 0.010000
0.521000 0.000000 0.010000
0.521000 0.000000 0.010000
0.521000 0.000000 0.010000
0.521000 0.000000 0.010000
0.521000 0.000000 0.010000
0.521000 0.000000 0.010000
0.521000 0.000000 0.010000
0.521000 0.000000 0.010000
0.521000 0.000000 0.010000
0.521000 0.000000 0.010000
0.521000 0.000000 0.010000
0.521000 0.000000 0.010000
0.521000 0.000000 0.010000
0.521000 0.000000 0.010000
0.521000 0.000000 0.010000
0.521000 0.000000 0.010000
0.521000 0.000000 0.010000
0.521000 0.000000 0.010000
0.521000 0.000000 0.010000
0.521000 0.000000 0.010000
0.521000 0.000000 0.010000
0.521000 0.000000 0.010000
0.521000 0.000000 0.010000
0.521000 0.000000 0.010000
0.521000 0.000000 0.010000
0.521000 0.000000 0.010000
0.521000 0.000000 0.010000
0.521000 0.000000 0.010000
0.521000 0.000000 0.010000
0.521000 0.000000 0.010000
0.521000 0.000000 0.010000
0.521000 0.000000 0.010000
0.521000 0.000000 0.010000
0.521000 0.000000 0.010000
0.521000 0.000000 0.010000
0.521000 0.000000 0.010000
0.521000 0.000000 0.010000
0.521000 0.000000 0.010000
0.521000 0.000000 0.010000
0.521000 0.000000 0.010000
0.521000 0.000000 0.010000
0.521000 0.000000 0.010000
0.521000 0.000000 0.010000
0.521000 0.000000 0.010000
0.521000 0.000000 0.010000
0.521000 0.000000 0.010000
0.521000 0.000000 0.010000
0.521000 0.000000 0.010000
0.521000 0.000000 0.010000
0.521000 0.000000 0.010000
0.521000 0.000000 0.010000
0.521000 0.000000 0.010000
0.521000 0.000000 0.010000
0.521000 0.000000 0.010000
0.521000 0.000000 0.010000
0.521000 0.000000 0.010000
0.521000 0.000000 0.010000
0.521000 0.000000 0.010000
0.521000 0.000000 0.010000
0.521000 0.000000 0.010000
0.521000 0.000000 0.010000
0.521000 0.000000 0.010000
0.521000 0.000000 0.010000
0.521000 0.000000 0.010000
0.521000 0.000000 0.010000
0.521000 0.000000 0.010000
0.521000 0.000000 0.010000
0.521000 0.000000 0.010000
0.521000 0.000000 0.010000
0.521000 0.000000 0.010000
0.521000 0.000000 0.010000
0.521000 0.000000 0.010000
0.521000 0.000000 0.010000
0.521000 0.000000 0.010000
0.521000 0.000000 0.010000
0.521000 0.000000 0.010000
0.521000 0.000000 0.010000
0.521000 0.000000 0.010000
0.521000 0.000000 0.010000
0.521000 0.000000 0.010000
0.521000 0.000000 0.010000
0.521000 0.000000 0.010000
0.521000 0.000000 0.010000
0.521000 0.000000 0.010000
0.521000 0.000000 0.010000
0.521000 0.000000 0.010000
0.521000 0.000000 0.010000
0.521000 0.000000 0.010000
0.521000 0.000000 0.010000
0.521000 0.000000 0.010000
0.521000 0.000000 0.010000
0.521000 0.000000 0.010000
0.521000 0.000000 0.010000
0.521000 0.000000 0.010000
0.521000 0.000000 0.010000
0.521000 0.000000 0.010000
0.521000 0.000000 0.010000
0.521000 0.000000 0.010000
0.521000 0.000000 0.010000
0.521000 0.000000 0.010000
0.521000 0.000000 0.010000
0.521000 0.000000 0.010000
0.521000 0.000000 0.010000
0.521000 0.000000 0.010000
0.521000 0.000000 0.010000
0.521000 0.000000 0.010000
0.521000 0.000000 0.010000
0.521000 0.000000 0.010000
0.521000 0.000000 0.010000
0.521000 0.000000 0.010000
0.521000 0.000000 0.010000
0.521000 0.000000 0.010000
0.521000 0.000000 0.010000
0.521000 0.000000 0.010000
0.521000 0.000000 0.010000
0.521000 0.000000 0.010000
0.521000 0.000000 0.010000
0.521000 0.000000 0.010000
0.521000 0.000000 0.010000
0.521000 0.000000 0.010000
0.521000 0.000000 0.010000
0.521000 0.000000 0.010000
0.521000 0.000000 0.010000
0.521000 0.000000 0.010000
0.521000 0.000000 0.010000
0.521000 0.000000 0.010000
0.521000 0.000000 0.010000
0.521000 0.000000 0.010000
0.521000 0.000000 0.010000
0.521000 0.000000 0.010000
0.521000 0.000000 0.010000
0.521000 0.000000 0.010000
0.521000 0.000000 0.010000
0.521000 0.000000 0.010000
0.521000 0.000000 0.010000
0.521000 0.000000 0.010000
0.521000 0.000000 0.010000
0.521000 0.000000 0.010000
0.521000 0.000000 0.010000
0.521000 0.000000 0.010000
0.521000 0.000000 0.010000
0.521000 0.000000 0.010000
0.521000 0.000000 0.010000
0.521000 0.000000 0.010000
0.521000 0.000000 0.010000
0.521000 0.000000 0.010000
0.521000 0.000000 0.010000
0.521000 0.000000 0.010000
0.521000 0.000000 0.010000
0.521000 0.000000 0.010000
0.521000 0.000000 0.010000
0.521000 0.000000 0.010000
0.521000 0.000000 0.010000
0.521000 0.000000 0.010000
0.521000 0.000000 0.010000
0.521000 0.000000 0.010000
0.521000 0.000000 0.010000
0.521000 0.000000 0.010000
0.521000 0.000000 0.010000
0.521000 0.000000 0.010000
0.521000 0.000000 0.010000
0.521000 0.000000 0.010000
0.521000 0.000000 0.010000
0.521000 0.000000 0.010000
0.521000 0.000000 0.010000
0.521000 0.000000 0.010000
0.521000 0.000000 0.010000
0.521000 0.000000 0.010000
0.521000 0.000000 0.010000
0.521000 0.000000 0.010000
0.521000 0.000000 0.010000
0.521000 0.000000 0.010000
0.521000 0.000000 0.010000
0.521000 0.000000 0.010000
0.521000 0.000000 0.010000
0.521000 0.000000 0.010000
0.521000 0.000000 0.010000
0.521000 0.000000 0.010000
0.521000 0.000000 0.010000
0.521000 0.000000 0.010000
0.521000 0.000000 0.010000
0.521000 0.000000 0.010000
0.521000 0.000000 0.010000
0.521000 0.000000 0.010000
0.521000 0.000000 0.010000
0.521000 0.000000 0.010000
0.521000 0.000000 0.010000
0.521000 0.000000 0.010000
0.521000 0.000000 0.010000
0.521000 0.000000 0.010000
0.521000 0.000000 0.010000
0.521000 0.000000 0.010000
0.521000 0.000000 0.010000
0.521000 0.000000 0.010000
0.521000 0.000000 0.010000
0.521000 0.000000 0.010000
0.521000 0.000000 0.010000
0.521000 0.000000 0.010000
0.521000 0.000000 0.010000
0.521000 0.000000 0.010000
0.521000 0.000000 0.010000
0.521000 0.000000 0.010000
0.521000 0.000000 0.010000
0.521000 0.000000 0.010000
0.521000 0.000000 0.010000
0.521000 0.000000 0.010000
0.521000 0.000000 0.010000
0.521000 0.000000 0.010000
0.521000 0.000000 0.010000
0.521000 0.000000 0.010000
0.521000 0.000000 0.010000
0.521000 0.000000 0.010000
0.521000 0.000000 0.010000
0.521000 0.000000 0.010000
0.521000 0.000000 0.010000
0.521000 0.000000 0.010000
0.521000 0.000000 0.010000
0.521000 0.000000 0.010000
0.521000 0.000000 0.010000
0.521000 0.000000 0.010000
0.521000 0.000000 0.010000
0.521000 0.000000 0.010000
0.521000 0.000000 0.010000
0.521000 0.000000 0.010000
0.521000 0.000000 0.010000
0.521000 0.000000 0.010000
0.521000 0.000000 0.010000
0.521000 0.000000 0.010000
0.521000 0.000000 0.010000
0.521000 0.000000 0.010000
0.521000 0.000000 0.010000
0.521000 0.000000 0.010000
0.521000 0.000000 0.010000
0.521000 0.000000 0.010000
0.521000 0.000000 0.010000
0.521000 0.000000 0.010000
0.521000 0.000000 0.010000
0.521000 0.000000 0.010000
0.521000 0.000000 0.010000
0.521000 0.000000 0.010000
0.521000 0.000000 0.010000
0.521000 0.000000 0.010000
0.521000 0.000000 0.010000
0.521000 0.000000 0.010000
0.521000 0.000000 0.010000
0.521000 0.000000 0.010000
0.521000 0.000000 0.010000
0.521000 0.000000 0.010000
0.521000 0.000000 0.010000
0.521000 0.000000 0.010000
0.521000 0.000000 0.010000
0.521000 0.000000 0.010000
0.521000 0.000000 0.010000
0.521000 0.000000 0.010000
0.521000 0.000000 0.010000
0.521000 0.000000 0.010000
0.521000 0.000000 0.010000
0.521000 0.000000 0.010000
0.521000 0.000000 0.010000
0.521000 0.000000 0.010000
0.521000 0.000000 0.010000
0.521000 0.000000 0.010000
0.521000 0.000000 0.010000
0.521000 0.000000 0.010000
0.521000 0.000000 0.010000
0.521000 0.000000 0.010000
0.521000 0.000000 0.010000
0.521000 0.000000 0.010000
0.521000 0.000000 0.010000
0.521000 0.000000 0.010000
0.521000 0.000000 0.010000
0.521000 0.000000 0.010000
0.521000 0.000000 0.010000
0.521000 0.000000 0.010000
0.521000 0.000000 0.010000
0.521000 0.000000 0.010000
0.521000 0.000000 0.010000
0.521000 0.000000 0.010000
0.521000 0.000000 0.010000
0.521000 0.000000 0.010000
0.521000 0.000000 0.010000
0.521000 0.000000 0.010000
0.521000 0.000000 0.010000
0.521000 0.000000 0.010000
0.521000 0.000000 0.010000
0.521000 0.000000 0.010000
0.521000 0.000000 0.010000
0.521000 0.000000 0.010000
0.521000 0.000000 0.010000
0.521000 0.000000 0.010000
0.521000 0.000000 0.010000
0.521000 0.000000 0.010000
0.521000 0.000000 0.010000
0.521000 0.000000 0.010000
0.521000 0.000000 0.010000
0.521000 0.000000 0.010000
0.521000 0.000000 0.010000
0.521000 0.000000 0.010000
0.521000 0.000000 0.010000
0.521000 0.000000 0.010000
0.521000 0.000000 0.010000
0.521000 0.000000 0.010000
0.521000 0.000000 0.010000
0.521000 0.000000 0.010000
0.521000 0.000000 0.010000
0.521000 0.000000 0.010000
0.521000 0.000000 0.010000
0.521000 0.000000 0.010000
0.521000 0.000000 0.010000
0.521000 0.000000 0.010000
0.521000 0.000000 0.010000
0.521000 0.000000 0.010000
0.521000 0.000000 0.010000
0.521000 0.000000 0.010000
0.521000 0.000000 0.010000
0.521000 0.000000 0.010000
0.521000 0.000000 0.010000
0.521000 0.000000 0.010000
0.521000 0.000000 0.010000
0.521000 0.000000 0.010000
0.521000 0.000000 0.010000
0.521000 0.000000 0.010000
0.521000 0.000000 0.010000
0.521000 0.000000 0.010000
0.521000 0.000000 0.010000
0.521000 0.000000 0.010000
0.521000 0.000000 0.010000
0.521000 0.000000 0.010000
0.521000 0.000000 0.010000
0.521000 0.000000 0.010000
0.521000 0.000000 0.010000
0.521000 0.000000 0.010000
0.521000 0.000000 0.010000
0.521000 0.000000 0.010000
0.521000 0.000000 0.010000
0.521000 0.000000 0.010000
0.521000 0.000000 0.010000
0.521000 0.000000 0.010000
0.521000 0.000000 0.010000
0.521000 0.000000 0.010000
0.521000 0.000000 0.010000
0.521000 0.000000 0.010000
0.521000 0.000000 0.010000
0.521000 0.000000 0.010000
0.521000 0.000000 0.010000
0.521000 0.000000 0.010000
0.521000 0.000000 0.010000
0.521000 0.000000 0.010000
0.521000 0.000000 0.010000
0.521000 0.000000 0.010000
0.521000 0.000000 0.010000
0.521000 0.000000 0.010000
0.521000 0.000000 0.010000
0.521000 0.000000 0.010000
0.521000 0.000000 0.010000
0.521000 0.000000 0.010000
0.521000 0.000000 0.010000
0.521000 0.000000 0.010000
0.521000 0.000000 0.010000
0.521000 0.000000 0.010000
0.521000 0.000000 0.010000
0.521000 0.000000 0.010000
0.521000 0.000000 0.010000
0.521000 0.000000 0.010000
0.521000 0.000000 0.010000
0.521000 0.000000 0.010000
0.521000 0.000000 0.010000
0.521000 0.000000 0.010000
0.521000 0.000000 0.010000
0.521000 0.000000 0.010000
0.521000 0.000000 0.010000
0.521000 0.000000 0.010000
0.521000 0.000000 0.010000
0.521000 0.000000 0.010000
0.521000 0.000000 0.010000
0.521000 0.000000 0.010000
0.521000 0.000000 0.010000
0.521000 0.000000 0.010000
0.521000 0.000000 0.010000
0.521000 0.000000 0.010000
0.521000 0.000000 0.010000
0.521000 0.000000 0.010000
0.521000 0.000000 0.010000
0.521000 0.000000 0.010000
0.521000 0.000000 0.010000
0.521000 0.000000 0.010000
0.521000 0.000000 0.010000
0.521000 0.000000 0.010000
0.521000 0.000000 0.010000
0.521000 0.000000 0.010000
0.521000 0.000000 0.010000
0.521000 0.000000 0.010000
0.521000 0.000000 0.010000
0.521000 0.000000 0.010000
0.521000 0.000000 0.010000
0.521000 0.000000 0.010000
0.521000 0.000000 0.010000
0.521000 0.000000 0.010000
0.521000 0.000000 0.010000
0.521000 0.000000 0.010000
0.521000 0.000000 0.010000
0.521000 0.000000 0.010000
0.521000 0.000000 0.010000
0.521000 0.000000 0.010000
0.521000 0.000000 0.010000
0.521000 0.000000 0.010000
0.521000 0.000000 0.010000
0.521000 0.000000 0.010000
0.521000 0.000000 0.010000
0.521000 0.000000 0.010000
0.521000 0.000000 0.010000
0.521000 0.000000 0.010000
0.521000 0.000000 0.010000
0.521000 0.000000 0.010000
0.521000 0.000000 0.010000
0.521000 0.000000 0.010000
0.521000 0.000000 0.010000
0.521000 0.000000 0.010000
0.521000 0.000000 0.010000
0.521000 0.000000 0.010000
0.521000 0.000000 0.010000
0.521000 0.000000 0.010000
0.521000 0.000000 0.010000
0.521000 0.000000 0.010000
0.521000 0.000000 0.010000
0.521000 0.000000 0.010000
0.521000 0.000000 0.010000
