0.521000 0.000000 0.200000
0.520834 -0.000373 0.198760
0.520669 -0.000746 0.197519
0.520503 -0.001119 0.196279
0.520337 -0.001492 0.195039
0.520171 -0.001865 0.193798
0.520006 -0.002238 0.192558
0.519840 -0.002611 0.191318
0.519674 -0.002984 0.190078
0.519508 -0.003357 0.188837
0.519343 -0.003730 0.187597
0.519177 -0.004103 0.186357
0.519011 -0.004476 0.185116
0.518845 -0.004849 0.183876
0.518680 -0.005222 0.182636
0.518514 -0.005595 0.181395
0.518348 -0.005968 0.180155
0.518182 -0.006341 0.178915
0.518017 -0.006714 0.177674
0.517851 -0.007087 0.176434
0.517685 -0.007460 0.175194
0.517519 -0.007833 0.173954
0.517354 -0.008206 0.172713
0.517188 -0.008579 0.171473
0.517022 -0.008951 0.170233
0.516856 -0.009324 0.168992
0.516691 -0.009697 0.167752
0.516525 -0.010070 0.166512
0.516359 -0.010443 0.165271
0.516193 -0.010816 0.164031
0.516028 -0.011189 0.162791
0.515862 -0.011562 0.161550
0.515696 -0.011935 0.160310
0.515530 -0.012308 0.159070
0.515365 -0.012681 0.157830
0.515199 -0.013054 0.156589
0.515033 -0.013427 0.155349
0.514867 -0.013800 0.154109
0.514702 -0.014173 0.152868
0.514536 -0.014546 0.151628
0.514370 -0.014919 0.150388
0.514205 -0.015292 0.149147
0.514039 -0.015665 0.147907
0.513873 -0.016038 0.146667
0.513707 -0.016411 0.145426
0.513542 -0.016784 0.144186
0.513376 -0.017157 0.142946
0.513210 -0.017530 0.141706
0.513044 -0.017903 0.140465
0.512879 -0.018276 0.139225
0.512713 -0.018649 0.137985
0.512547 -0.019022 0.136744
0.512381 -0.019395 0.135504
0.512216 -0.019768 0.134264
0.512050 -0.020141 0.133023
0.511884 -0.020514 0.131783
0.511718 -0.020887 0.130543
0.511553 -0.021260 0.129302
0.511387 -0.021633 0.128062
0.511221 -0.022006 0.126822
0.511055 -0.022379 0.125582
0.510890 -0.022752 0.124341
0.510724 -0.023125 0.123101
0.510558 -0.023498 0.121861
0.510392 -0.023871 0.120620
0.510227 -0.024244 0.119380
0.510061 -0.024617 0.118140
0.509895 -0.024990 0.116899
0.509729 -0.025363 0.115659
0.509564 -0.025736 0.114419
0.509398 -0.026109 0.113178
0.509232 -0.026482 0.111938
0.509066 -0.026854 0.110698
0.508901 -0.027227 0.109458
0.508735 -0.027600 0.108217
0.508569 -0.027973 0.106977
0.508404 -0.028346 0.105737
0.508238 -0.028719 0.104496
0.508072 -0.029092 0.103256
0.507906 -0.029465 0.102016
0.507741 -0.029838 0.100775
0.507575 -0.030211 0.099535
0.507409 -0.030584 0.098295
0.507243 -0.030957 0.097054
0.507078 -0.031330 0.095814
0.506912 -0.031703 0.094574
0.506746 -0.032076 0.093334
0.506580 -0.032449 0.092093
0.506415 -0.032822 0.090853
0.506249 -0.033195 0.089613
0.506083 -0.033568 0.088372
0.505917 -0.033941 0.087132
0.505752 -0.034314 0.085892
0.505586 -0.034687 0.084651
0.505420 -0.035060 0.083411
0.505254 -0.035433 0.082171
0.505089 -0.035806 0.080930
0.504923 -0.036179 0.079690
0.504757 -0.036552 0.078450
0.504591 -0.036925 0.077210
0.504591 -0.036925 0.077210
0.504757 -0.036552 0.078450
0.504923 -0.036179 0.079690
0.505089 -0.035806 0.080930
0.505254 -0.035433 0.082171
0.505420 -0.035060 0.083411
0.505586 -0.034687 0.084651
0.505752 -0.034314 0.085892
0.505917 -0.033941 0.087132
0.506083 -0.033568 0.088372
0.506249 -0.033195 0.089613
0.506415 -0.032822 0.090853
0.506580 -0.032449 0.092093
0.506746 -0.032076 0.093334
0.506912 -0.031703 0.094574
0.507078 -0.031330 0.095814
0.507243 -0.030957 0.097054
0.507409 -0.030584 0.098295
0.507575 -0.030211 0.099535
0.507741 -0.029838 0.100775
0.507906 -0.029465 0.102016
0.508072 -0.029092 0.103256
0.508238 -0.028719 0.104496
0.508404 -0.028346 0.105737
0.508569 -0.027973 0.106977
0.508735 -0.027600 0.108217
0.508901 -0.027227 0.109458
0.509066 -0.026854 0.110698
0.509232 -0.026482 0.111938
0.509398 -0.026109 0.113178
0.509564 -0.025736 0.114419
0.509729 -0.025363 0.115659
0.509895 -0.024990 0.116899
0.510061 -0.024617 0.118140
0.510227 -0.024244 0.119380
0.510392 -0.023871 0.120620
0.510558 -0.023498 0.121861
0.510724 -0.023125 0.123101
0.510890 -0.022752 0.124341
0.511055 -0.022379 0.125582
0.511221 -0.022006 0.126822
0.511387 -0.021633 0.128062
0.511553 -0.021260 0.129302
0.511718 -0.020887 0.130543
0.511884 -0.020514 0.131783
0.512050 -0.020141 0.133023
0.512216 -0.019768 0.134264
0.512381 -0.019395 0.135504
0.512547 -0.019022 0.136744
0.512713 -0.018649 0.137985
0.512879 -0.018276 0.139225
0.513044 -0.017903 0.140465
0.513210 -0.017530 0.141706
0.513376 -0.017157 0.142946
0.513542 -0.016784 0.144186
0.513707 -0.016411 0.145426
0.513873 -0.016038 0.146667
0.514039 -0.015665 0.147907
0.514205 -0.015292 0.149147
0.514370 -0.014919 0.150388
0.514536 -0.014546 0.151628
0.514702 -0.014173 0.152868
0.514867 -0.013800 0.154109
0.515033 -0.013427 0.155349
0.515199 -0.013054 0.156589
0.515365 -0.012681 0.157830
0.515530 -0.012308 0.159070
0.515696 -0.011935 0.160310
0.515862 -0.011562 0.161550
0.516028 -0.011189 0.162791
0.516193 -0.010816 0.164031
0.516359 -0.010443 0.165271
0.516525 -0.010070 0.166512
0.516691 -0.009697 0.167752
0.516856 -0.009324 0.168992
0.517022 -0.008951 0.170233
0.517188 -0.008579 0.171473
0.517354 -0.008206 0.172713
0.517519 -0.007833 0.173954
0.517685 -0.007460 0.175194
0.517851 -0.007087 0.176434
0.518017 -0.006714 0.177674
0.518182 -0.006341 0.178915
0.518348 -0.005968 0.180155
0.518514 -0.005595 0.181395
0.518680 -0.005222 0.182636
0.518845 -0.004849 0.183876
0.519011 -0.004476 0.185116
0.519177 -0.004103 0.186357
0.519343 -0.003730 0.187597
0.519508 -0.003357 0.188837
0.519674 -0.002984 0.190078
0.519840 -0.002611 0.191318
0.520006 -0.002238 0.192558
0.520171 -0.001865 0.193798
0.520337 -0.001492 0.195039
0.520503 -0.001119 0.196279
0.520669 -0.000746 0.197519
0.520834 -0.000373 0.198760
0.521000 0.000000 0.200000
0.504591 -0.036925 0.077210
0.505440 -0.036443 0.077169
0.506288 -0.035961 0.077129
0.507137 -0.035480 0.077089
0.507985 -0.034998 0.077048
0.508834 -0.034516 0.077008
0.509682 -0.034034 0.076968
0.510530 -0.033553 0.076927
0.511379 -0.033071 0.076887
0.512227 -0.032589 0.076847
0.513076 -0.032108 0.076806
0.513924 -0.031626 0.076766
0.514773 -0.031144 0.076726
0.515621 -0.030662 0.076685
0.516469 -0.030181 0.076645
0.517318 -0.029699 0.076605
0.518166 -0.029217 0.076564
0.519015 -0.028735 0.076524
0.519863 -0.028254 0.076484
0.520712 -0.027772 0.076443
0.521560 -0.027290 0.076403
0.522409 -0.026808 0.076363
0.523257 -0.026327 0.076322
0.524105 -0.025845 0.076282
0.524954 -0.025363 0.076242
0.525802 -0.024881 0.076202
0.526651 -0.024400 0.076161
0.527499 -0.023918 0.076121
0.528348 -0.023436 0.076081
0.529196 -0.022954 0.076040
0.530044 -0.022473 0.076000
0.530893 -0.021991 0.075960
0.531741 -0.021509 0.075919
0.532590 -0.021027 0.075879
0.533438 -0.020546 0.075839
0.534287 -0.020064 0.075798
0.535135 -0.019582 0.075758
0.535983 -0.019101 0.075718
0.536832 -0.018619 0.075677
0.537680 -0.018137 0.075637
0.538529 -0.017655 0.075597
0.539377 -0.017174 0.075556
0.540226 -0.016692 0.075516
0.541074 -0.016210 0.075476
0.541922 -0.015728 0.075435
0.542771 -0.015247 0.075395
0.543619 -0.014765 0.075355
0.544468 -0.014283 0.075314
0.545316 -0.013801 0.075274
0.546165 -0.013320 0.075234
0.547013 -0.012838 0.075194
0.547861 -0.012356 0.075153
0.548710 -0.011874 0.075113
0.549558 -0.011393 0.075073
0.550407 -0.010911 0.075032
0.551255 -0.010429 0.074992
0.552104 -0.009947 0.074952
0.552952 -0.009466 0.074911
0.553801 -0.008984 0.074871
0.554649 -0.008502 0.074831
0.555497 -0.008020 0.074790
0.556346 -0.007539 0.074750
0.557194 -0.007057 0.074710
0.558043 -0.006575 0.074669
0.558891 -0.006094 0.074629
0.559740 -0.005612 0.074589
0.560588 -0.005130 0.074548
0.561436 -0.004648 0.074508
0.562285 -0.004167 0.074468
0.563133 -0.003685 0.074427
0.563982 -0.003203 0.074387
0.564830 -0.002721 0.074347
0.565679 -0.002240 0.074306
0.566527 -0.001758 0.074266
0.567375 -0.001276 0.074226
0.568224 -0.000794 0.074186
0.569072 -0.000313 0.074145
0.569921 0.000169 0.074105
0.570769 0.000651 0.074065
0.571618 0.001133 0.074024
0.572466 0.001614 0.073984
0.573314 0.002096 0.073944
0.574163 0.002578 0.073903
0.575011 0.003060 0.073863
0.575860 0.003541 0.073823
0.576708 0.004023 0.073782
0.577557 0.004505 0.073742
0.578405 0.004987 0.073702
0.579254 0.005468 0.073661
0.580102 0.005950 0.073621
0.580950 0.006432 0.073581
0.581799 0.006913 0.073540
0.582647 0.007395 0.073500
0.583496 0.007877 0.073460
0.584344 0.008359 0.073419
0.585193 0.008840 0.073379
0.586041 0.009322 0.073339
0.586889 0.009804 0.073298
0.587738 0.010286 0.073258
0.588586 0.010767 0.073218
0.588586 0.010767 0.073218
0.587738 0.010286 0.073258
0.586889 0.009804 0.073298
0.586041 0.009322 0.073339
0.585193 0.008840 0.073379
0.584344 0.008359 0.073419
0.583496 0.007877 0.073460
0.582647 0.007395 0.073500
0.581799 0.006913 0.073540
0.580950 0.006432 0.073581
0.580102 0.005950 0.073621
0.579254 0.005468 0.073661
0.578405 0.004987 0.073702
0.577557 0.004505 0.073742
0.576708 0.004023 0.073782
0.575860 0.003541 0.073823
0.575011 0.003060 0.073863
0.574163 0.002578 0.073903
0.573314 0.002096 0.073944
0.572466 0.001614 0.073984
0.571618 0.001133 0.074024
0.570769 0.000651 0.074065
0.569921 0.000169 0.074105
0.569072 -0.000313 0.074145
0.568224 -0.000794 0.074186
0.567375 -0.001276 0.074226
0.566527 -0.001758 0.074266
0.565679 -0.002240 0.074306
0.564830 -0.002721 0.074347
0.563982 -0.003203 0.074387
0.563133 -0.003685 0.074427
0.562285 -0.004167 0.074468
0.561436 -0.004648 0.074508
0.560588 -0.005130 0.074548
0.559740 -0.005612 0.074589
0.558891 -0.006094 0.074629
0.558043 -0.006575 0.074669
0.557194 -0.007057 0.074710
0.556346 -0.007539 0.074750
0.555497 -0.008020 0.074790
0.554649 -0.008502 0.074831
0.553801 -0.008984 0.074871
0.552952 -0.009466 0.074911
0.552104 -0.009947 0.074952
0.551255 -0.010429 0.074992
0.550407 -0.010911 0.075032
0.549558 -0.011393 0.075073
0.548710 -0.011874 0.075113
0.547861 -0.012356 0.075153
0.547013 -0.012838 0.075194
0.546165 -0.013320 0.075234
0.545316 -0.013801 0.075274
0.544468 -0.014283 0.075314
0.543619 -0.014765 0.075355
0.542771 -0.015247 0.075395
0.541922 -0.015728 0.075435
0.541074 -0.016210 0.075476
0.540226 -0.016692 0.075516
0.539377 -0.017174 0.075556
0.538529 -0.017655 0.075597
0.537680 -0.018137 0.075637
0.536832 -0.018619 0.075677
0.535983 -0.019101 0.075718
0.535135 -0.019582 0.075758
0.534287 -0.020064 0.075798
0.533438 -0.020546 0.075839
0.532590 -0.021027 0.075879
0.531741 -0.021509 0.075919
0.530893 -0.021991 0.075960
0.530044 -0.022473 0.076000
0.529196 -0.022954 0.076040
0.528348 -0.023436 0.076081
0.527499 -0.023918 0.076121
0.526651 -0.024400 0.076161
0.525802 -0.024881 0.076202
0.524954 -0.025363 0.076242
0.524105 -0.025845 0.076282
0.523257 -0.026327 0.076322
0.522409 -0.026808 0.076363
0.521560 -0.027290 0.076403
0.520712 -0.027772 0.076443
0.519863 -0.028254 0.076484
0.519015 -0.028735 0.076524
0.518166 -0.029217 0.076564
0.517318 -0.029699 0.076605
0.516469 -0.030181 0.076645
0.515621 -0.030662 0.076685
0.514773 -0.031144 0.076726
0.513924 -0.031626 0.076766
0.513076 -0.032108 0.076806
0.512227 -0.032589 0.076847
0.511379 -0.033071 0.076887
0.510530 -0.033553 0.076927
0.509682 -0.034034 0.076968
0.508834 -0.034516 0.077008
0.507985 -0.034998 0.077048
0.507137 -0.035480 0.077089
0.506288 -0.035961 0.077129
0.505440 -0.036443 0.077169
0.504591 -0.036925 0.077210
0.588586 0.010767 0.073218
0.588463 0.010423 0.073220
0.588339 0.010078 0.073223
0.588216 0.009733 0.073226
0.588092 0.009388 0.073228
0.587968 0.009044 0.073231
0.587845 0.008699 0.073234
0.587721 0.008354 0.073236
0.587598 0.008010 0.073239
0.587474 0.007665 0.073241
0.587350 0.007320 0.073244
0.587227 0.006975 0.073247
0.587103 0.006631 0.073249
0.586980 0.006286 0.073252
0.586856 0.005941 0.073254
0.586733 0.005596 0.073257
0.586609 0.005252 0.073260
0.586485 0.004907 0.073262
0.586362 0.004562 0.073265
0.586238 0.004217 0.073267
0.586115 0.003873 0.073270
0.585991 0.003528 0.073273
0.585867 0.003183 0.073275
0.585744 0.002838 0.073278
0.585620 0.002494 0.073280
0.585497 0.002149 0.073283
0.585373 0.001804 0.073286
0.585250 0.001460 0.073288
0.585126 0.001115 0.073291
0.585002 0.000770 0.073294
0.584879 0.000425 0.073296
0.584755 0.000081 0.073299
0.584632 -0.000264 0.073301
0.584508 -0.000609 0.073304
0.584384 -0.000954 0.073307
0.584261 -0.001298 0.073309
0.584137 -0.001643 0.073312
0.584014 -0.001988 0.073314
0.583890 -0.002333 0.073317
0.583767 -0.002677 0.073320
0.583643 -0.003022 0.073322
0.583519 -0.003367 0.073325
0.583396 -0.003712 0.073327
0.583272 -0.004056 0.073330
0.583149 -0.004401 0.073333
0.583025 -0.004746 0.073335
0.582901 -0.005090 0.073338
0.582778 -0.005435 0.073340
0.582654 -0.005780 0.073343
0.582531 -0.006125 0.073346
0.582407 -0.006469 0.073348
0.582284 -0.006814 0.073351
0.582160 -0.007159 0.073354
0.582036 -0.007504 0.073356
0.581913 -0.007848 0.073359
0.581789 -0.008193 0.073361
0.581666 -0.008538 0.073364
0.581542 -0.008883 0.073367
0.581419 -0.009227 0.073369
0.581295 -0.009572 0.073372
0.581171 -0.009917 0.073374
0.581048 -0.010261 0.073377
0.580924 -0.010606 0.073380
0.580801 -0.010951 0.073382
0.580677 -0.011296 0.073385
0.580553 -0.011640 0.073387
0.580430 -0.011985 0.073390
0.580306 -0.012330 0.073393
0.580183 -0.012675 0.073395
0.580059 -0.013019 0.073398
0.579936 -0.013364 0.073401
0.579812 -0.013709 0.073403
0.579688 -0.014054 0.073406
0.579565 -0.014398 0.073408
0.579441 -0.014743 0.073411
0.579318 -0.015088 0.073414
0.579194 -0.015433 0.073416
0.579070 -0.015777 0.073419
0.578947 -0.016122 0.073421
0.578823 -0.016467 0.073424
0.578700 -0.016811 0.073427
0.578576 -0.017156 0.073429
0.578453 -0.017501 0.073432
0.578329 -0.017846 0.073434
0.578205 -0.018190 0.073437
0.578082 -0.018535 0.073440
0.577958 -0.018880 0.073442
0.577835 -0.019225 0.073445
0.577711 -0.019569 0.073447
0.577587 -0.019914 0.073450
0.577464 -0.020259 0.073453
0.577340 -0.020604 0.073455
0.577217 -0.020948 0.073458
0.577093 -0.021293 0.073461
0.576970 -0.021638 0.073463
0.576846 -0.021983 0.073466
0.576722 -0.022327 0.073468
0.576599 -0.022672 0.073471
0.576475 -0.023017 0.073474
0.576352 -0.023361 0.073476
0.576352 -0.023361 0.073476
0.576475 -0.023017 0.073474
0.576599 -0.022672 0.073471
0.576722 -0.022327 0.073468
0.576846 -0.021983 0.073466
0.576970 -0.021638 0.073463
0.577093 -0.021293 0.073461
0.577217 -0.020948 0.073458
0.577340 -0.020604 0.073455
0.577464 -0.020259 0.073453
0.577587 -0.019914 0.073450
0.577711 -0.019569 0.073447
0.577835 -0.019225 0.073445
0.577958 -0.018880 0.073442
0.578082 -0.018535 0.073440
0.578205 -0.018190 0.073437
0.578329 -0.017846 0.073434
0.578453 -0.017501 0.073432
0.578576 -0.017156 0.073429
0.578700 -0.016811 0.073427
0.578823 -0.016467 0.073424
0.578947 -0.016122 0.073421
0.579070 -0.015777 0.073419
0.579194 -0.015433 0.073416
0.579318 -0.015088 0.073414
0.579441 -0.014743 0.073411
0.579565 -0.014398 0.073408
0.579688 -0.014054 0.073406
0.579812 -0.013709 0.073403
0.579936 -0.013364 0.073401
0.580059 -0.013019 0.073398
0.580183 -0.012675 0.073395
0.580306 -0.012330 0.073393
0.580430 -0.011985 0.073390
0.580553 -0.011640 0.073387
0.580677 -0.011296 0.073385
0.580801 -0.010951 0.073382
0.580924 -0.010606 0.073380
0.581048 -0.010261 0.073377
0.581171 -0.009917 0.073374
0.581295 -0.009572 0.073372
0.581419 -0.009227 0.073369
0.581542 -0.008883 0.073367
0.581666 -0.008538 0.073364
0.581789 -0.008193 0.073361
0.581913 -0.007848 0.073359
0.582036 -0.007504 0.073356
0.582160 -0.007159 0.073354
0.582284 -0.006814 0.073351
0.582407 -0.006469 0.073348
0.582531 -0.006125 0.073346
0.582654 -0.005780 0.073343
0.582778 -0.005435 0.073340
0.582901 -0.005090 0.073338
0.583025 -0.004746 0.073335
0.583149 -0.004401 0.073333
0.583272 -0.004056 0.073330
0.583396 -0.003712 0.073327
0.583519 -0.003367 0.073325
0.583643 -0.003022 0.073322
0.583767 -0.002677 0.073320
0.583890 -0.002333 0.073317
0.584014 -0.001988 0.073314
0.584137 -0.001643 0.073312
0.584261 -0.001298 0.073309
0.584384 -0.000954 0.073307
0.584508 -0.000609 0.073304
0.584632 -0.000264 0.073301
0.584755 0.000081 0.073299
0.584879 0.000425 0.073296
0.585002 0.000770 0.073294
0.585126 0.001115 0.073291
0.585250 0.001460 0.073288
0.585373 0.001804 0.073286
0.585497 0.002149 0.073283
0.585620 0.002494 0.073280
0.585744 0.002838 0.073278
0.585867 0.003183 0.073275
0.585991 0.003528 0.073273
0.586115 0.003873 0.073270
0.586238 0.004217 0.073267
0.586362 0.004562 0.073265
0.586485 0.004907 0.073262
0.586609 0.005252 0.073260
0.586733 0.005596 0.073257
0.586856 0.005941 0.073254
0.586980 0.006286 0.073252
0.587103 0.006631 0.073249
0.587227 0.006975 0.073247
0.587350 0.007320 0.073244
0.587474 0.007665 0.073241
0.587598 0.008010 0.073239
0.587721 0.008354 0.073236
0.587845 0.008699 0.073234
0.587968 0.009044 0.073231
0.588092 0.009388 0.073228
0.588216 0.009733 0.073226
0.588339 0.010078 0.073223
0.588463 0.010423 0.073220
0.588586 0.010767 0.073218
0.576352 -0.023361 0.073476
0.576305 -0.022800 0.073448
0.576258 -0.022238 0.073420
0.576212 -0.021676 0.073391
0.576165 -0.021114 0.073363
0.576119 -0.020552 0.073335
0.576072 -0.019990 0.073306
0.576026 -0.019428 0.073278
0.575979 -0.018866 0.073250
0.575932 -0.018304 0.073221
0.575886 -0.017742 0.073193
0.575839 -0.017180 0.073165
0.575793 -0.016618 0.073136
0.575746 -0.016056 0.073108
0.575699 -0.015494 0.073080
0.575653 -0.014933 0.073052
0.575606 -0.014371 0.073023
0.575560 -0.013809 0.072995
0.575513 -0.013247 0.072967
0.575467 -0.012685 0.072938
0.575420 -0.012123 0.072910
0.575373 -0.011561 0.072882
0.575327 -0.010999 0.072853
0.575280 -0.010437 0.072825
0.575234 -0.009875 0.072797
0.575187 -0.009313 0.072768
0.575140 -0.008751 0.072740
0.575094 -0.008189 0.072712
0.575047 -0.007627 0.072684
0.575001 -0.007065 0.072655
0.574954 -0.006504 0.072627
0.574907 -0.005942 0.072599
0.574861 -0.005380 0.072570
0.574814 -0.004818 0.072542
0.574768 -0.004256 0.072514
0.574721 -0.003694 0.072485
0.574675 -0.003132 0.072457
0.574628 -0.002570 0.072429
0.574581 -0.002008 0.072400
0.574535 -0.001446 0.072372
0.574488 -0.000884 0.072344
0.574442 -0.000322 0.072316
0.574395 0.000240 0.072287
0.574348 0.000802 0.072259
0.574302 0.001363 0.072231
0.574255 0.001925 0.072202
0.574209 0.002487 0.072174
0.574162 0.003049 0.072146
0.574116 0.003611 0.072117
0.574069 0.004173 0.072089
0.574022 0.004735 0.072061
0.573976 0.005297 0.072032
0.573929 0.005859 0.072004
0.573883 0.006421 0.071976
0.573836 0.006983 0.071947
0.573789 0.007545 0.071919
0.573743 0.008107 0.071891
0.573696 0.008669 0.071863
0.573650 0.009230 0.071834
0.573603 0.009792 0.071806
0.573557 0.010354 0.071778
0.573510 0.010916 0.071749
0.573463 0.011478 0.071721
0.573417 0.012040 0.071693
0.573370 0.012602 0.071664
0.573324 0.013164 0.071636
0.573277 0.013726 0.071608
0.573230 0.014288 0.071579
0.573184 0.014850 0.071551
0.573137 0.015412 0.071523
0.573091 0.015974 0.071495
0.573044 0.016536 0.071466
0.572997 0.017098 0.071438
0.572951 0.017659 0.071410
0.572904 0.018221 0.071381
0.572858 0.018783 0.071353
0.572811 0.019345 0.071325
0.572765 0.019907 0.071296
0.572718 0.020469 0.071268
0.572671 0.021031 0.071240
0.572625 0.021593 0.071211
0.572578 0.022155 0.071183
0.572532 0.022717 0.071155
0.572485 0.023279 0.071127
0.572438 0.023841 0.071098
0.572392 0.024403 0.071070
0.572345 0.024965 0.071042
0.572299 0.025526 0.071013
0.572252 0.026088 0.070985
0.572206 0.026650 0.070957
0.572159 0.027212 0.070928
0.572112 0.027774 0.070900
0.572066 0.028336 0.070872
0.572019 0.028898 0.070843
0.571973 0.029460 0.070815
0.571926 0.030022 0.070787
0.571879 0.030584 0.070758
0.571833 0.031146 0.070730
0.571786 0.031708 0.070702
0.571740 0.032270 0.070674
0.571740 0.032270 0.070674
0.571786 0.031708 0.070702
0.571833 0.031146 0.070730
0.571879 0.030584 0.070758
0.571926 0.030022 0.070787
0.571973 0.029460 0.070815
0.572019 0.028898 0.070843
0.572066 0.028336 0.070872
0.572112 0.027774 0.070900
0.572159 0.027212 0.070928
0.572206 0.026650 0.070957
0.572252 0.026088 0.070985
0.572299 0.025526 0.071013
0.572345 0.024965 0.071042
0.572392 0.024403 0.071070
0.572438 0.023841 0.071098
0.572485 0.023279 0.071127
0.572532 0.022717 0.071155
0.572578 0.022155 0.071183
0.572625 0.021593 0.071211
0.572671 0.021031 0.071240
0.572718 0.020469 0.071268
0.572765 0.019907 0.071296
0.572811 0.019345 0.071325
0.572858 0.018783 0.071353
0.572904 0.018221 0.071381
0.572951 0.017659 0.071410
0.572997 0.017098 0.071438
0.573044 0.016536 0.071466
0.573091 0.015974 0.071495
0.573137 0.015412 0.071523
0.573184 0.014850 0.071551
0.573230 0.014288 0.071579
0.573277 0.013726 0.071608
0.573324 0.013164 0.071636
0.573370 0.012602 0.071664
0.573417 0.012040 0.071693
0.573463 0.011478 0.071721
0.573510 0.010916 0.071749
0.573557 0.010354 0.071778
0.573603 0.009792 0.071806
0.573650 0.009230 0.071834
0.573696 0.008669 0.071863
0.573743 0.008107 0.071891
0.573789 0.007545 0.071919
0.573836 0.006983 0.071947
0.573883 0.006421 0.071976
0.573929 0.005859 0.072004
0.573976 0.005297 0.072032
0.574022 0.004735 0.072061
0.574069 0.004173 0.072089
0.574116 0.003611 0.072117
0.574162 0.003049 0.072146
0.574209 0.002487 0.072174
0.574255 0.001925 0.072202
0.574302 0.001363 0.072231
0.574348 0.000802 0.072259
0.574395 0.000240 0.072287
0.574442 -0.000322 0.072316
0.574488 -0.000884 0.072344
0.574535 -0.001446 0.072372
0.574581 -0.002008 0.072400
0.574628 -0.002570 0.072429
0.574675 -0.003132 0.072457
0.574721 -0.003694 0.072485
0.574768 -0.004256 0.072514
0.574814 -0.004818 0.072542
0.574861 -0.005380 0.072570
0.574907 -0.005942 0.072599
0.574954 -0.006504 0.072627
0.575001 -0.007065 0.072655
0.575047 -0.007627 0.072684
0.575094 -0.008189 0.072712
0.575140 -0.008751 0.072740
0.575187 -0.009313 0.072768
0.575234 -0.009875 0.072797
0.575280 -0.010437 0.072825
0.575327 -0.010999 0.072853
0.575373 -0.011561 0.072882
0.575420 -0.012123 0.072910
0.575467 -0.012685 0.072938
0.575513 -0.013247 0.072967
0.575560 -0.013809 0.072995
0.575606 -0.014371 0.073023
0.575653 -0.014933 0.073052
0.575699 -0.015494 0.073080
0.575746 -0.016056 0.073108
0.575793 -0.016618 0.073136
0.575839 -0.017180 0.073165
0.575886 -0.017742 0.073193
0.575932 -0.018304 0.073221
0.575979 -0.018866 0.073250
0.576026 -0.019428 0.073278
0.576072 -0.019990 0.073306
0.576119 -0.020552 0.073335
0.576165 -0.021114 0.073363
0.576212 -0.021676 0.073391
0.576258 -0.022238 0.073420
0.576305 -0.022800 0.073448
0.576352 -0.023361 0.073476
0.571740 0.032270 0.070674
0.571805 0.032386 0.070751
0.571871 0.032503 0.070828
0.571937 0.032619 0.070905
0.572003 0.032736 0.070982
0.572068 0.032852 0.071059
0.572134 0.032969 0.071136
0.572200 0.033085 0.071213
0.572265 0.033202 0.071290
0.572331 0.033318 0.071367
0.572397 0.033435 0.071444
0.572463 0.033552 0.071521
0.572528 0.033668 0.071598
0.572594 0.033785 0.071675
0.572660 0.033901 0.071752
0.572725 0.034018 0.071829
0.572791 0.034134 0.071906
0.572857 0.034251 0.071983
0.572922 0.034367 0.072060
0.572988 0.034484 0.072137
0.573054 0.034600 0.072214
0.573120 0.034717 0.072291
0.573185 0.034833 0.072369
0.573251 0.034950 0.072446
0.573317 0.035066 0.072523
0.573382 0.035183 0.072600
0.573448 0.035300 0.072677
0.573514 0.035416 0.072754
0.573580 0.035533 0.072831
0.573645 0.035649 0.072908
0.573711 0.035766 0.072985
0.573777 0.035882 0.073062
0.573842 0.035999 0.073139
0.573908 0.036115 0.073216
0.573974 0.036232 0.073293
0.574040 0.036348 0.073370
0.574105 0.036465 0.073447
0.574171 0.036581 0.073524
0.574237 0.036698 0.073601
0.574302 0.036815 0.073678
0.574368 0.036931 0.073755
0.574434 0.037048 0.073832
0.574500 0.037164 0.073909
0.574565 0.037281 0.073986
0.574631 0.037397 0.074063
0.574697 0.037514 0.074141
0.574762 0.037630 0.074218
0.574828 0.037747 0.074295
0.574894 0.037863 0.074372
0.574959 0.037980 0.074449
0.575025 0.038096 0.074526
0.575091 0.038213 0.074603
0.575157 0.038329 0.074680
0.575222 0.038446 0.074757
0.575288 0.038563 0.074834
0.575354 0.038679 0.074911
0.575419 0.038796 0.074988
0.575485 0.038912 0.075065
0.575551 0.039029 0.075142
0.575617 0.039145 0.075219
0.575682 0.039262 0.075296
0.575748 0.039378 0.075373
0.575814 0.039495 0.075450
0.575879 0.039611 0.075527
0.575945 0.039728 0.075604
0.576011 0.039844 0.075681
0.576077 0.039961 0.075758
0.576142 0.040077 0.075835
0.576208 0.040194 0.075912
0.576274 0.040311 0.075990
0.576339 0.040427 0.076067
0.576405 0.040544 0.076144
0.576471 0.040660 0.076221
0.576537 0.040777 0.076298
0.576602 0.040893 0.076375
0.576668 0.041010 0.076452
0.576734 0.041126 0.076529
0.576799 0.041243 0.076606
0.576865 0.041359 0.076683
0.576931 0.041476 0.076760
0.576996 0.041592 0.076837
0.577062 0.041709 0.076914
0.577128 0.041826 0.076991
0.577194 0.041942 0.077068
0.577259 0.042059 0.077145
0.577325 0.042175 0.077222
0.577391 0.042292 0.077299
0.577456 0.042408 0.077376
0.577522 0.042525 0.077453
0.577588 0.042641 0.077530
0.577654 0.042758 0.077607
0.577719 0.042874 0.077684
0.577785 0.042991 0.077762
0.577851 0.043107 0.077839
0.577916 0.043224 0.077916
0.577982 0.043340 0.077993
0.578048 0.043457 0.078070
0.578114 0.043574 0.078147
0.578179 0.043690 0.078224
0.578245 0.043807 0.078301
0.578245 0.043807 0.078301
0.578179 0.043690 0.078224
0.578114 0.043574 0.078147
0.578048 0.043457 0.078070
0.577982 0.043340 0.077993
0.577916 0.043224 0.077916
0.577851 0.043107 0.077839
0.577785 0.042991 0.077762
0.577719 0.042874 0.077684
0.577654 0.042758 0.077607
0.577588 0.042641 0.077530
0.577522 0.042525 0.077453
0.577456 0.042408 0.077376
0.577391 0.042292 0.077299
0.577325 0.042175 0.077222
0.577259 0.042059 0.077145
0.577194 0.041942 0.077068
0.577128 0.041826 0.076991
0.577062 0.041709 0.076914
0.576996 0.041592 0.076837
0.576931 0.041476 0.076760
0.576865 0.041359 0.076683
0.576799 0.041243 0.076606
0.576734 0.041126 0.076529
0.576668 0.041010 0.076452
0.576602 0.040893 0.076375
0.576537 0.040777 0.076298
0.576471 0.040660 0.076221
0.576405 0.040544 0.076144
0.576339 0.040427 0.076067
0.576274 0.040311 0.075990
0.576208 0.040194 0.075912
0.576142 0.040077 0.075835
0.576077 0.039961 0.075758
0.576011 0.039844 0.075681
0.575945 0.039728 0.075604
0.575879 0.039611 0.075527
0.575814 0.039495 0.075450
0.575748 0.039378 0.075373
0.575682 0.039262 0.075296
0.575617 0.039145 0.075219
0.575551 0.039029 0.075142
0.575485 0.038912 0.075065
0.575419 0.038796 0.074988
0.575354 0.038679 0.074911
0.575288 0.038563 0.074834
0.575222 0.038446 0.074757
0.575157 0.038329 0.074680
0.575091 0.038213 0.074603
0.575025 0.038096 0.074526
0.574959 0.037980 0.074449
0.574894 0.037863 0.074372
0.574828 0.037747 0.074295
0.574762 0.037630 0.074218
0.574697 0.037514 0.074141
0.574631 0.037397 0.074063
0.574565 0.037281 0.073986
0.574500 0.037164 0.073909
0.574434 0.037048 0.073832
0.574368 0.036931 0.073755
0.574302 0.036815 0.073678
0.574237 0.036698 0.073601
0.574171 0.036581 0.073524
0.574105 0.036465 0.073447
0.574040 0.036348 0.073370
0.573974 0.036232 0.073293
0.573908 0.036115 0.073216
0.573842 0.035999 0.073139
0.573777 0.035882 0.073062
0.573711 0.035766 0.072985
0.573645 0.035649 0.072908
0.573580 0.035533 0.072831
0.573514 0.035416 0.072754
0.573448 0.035300 0.072677
0.573382 0.035183 0.072600
0.573317 0.035066 0.072523
0.573251 0.034950 0.072446
0.573185 0.034833 0.072369
0.573120 0.034717 0.072291
0.573054 0.034600 0.072214
0.572988 0.034484 0.072137
0.572922 0.034367 0.072060
0.572857 0.034251 0.071983
0.572791 0.034134 0.071906
0.572725 0.034018 0.071829
0.572660 0.033901 0.071752
0.572594 0.033785 0.071675
0.572528 0.033668 0.071598
0.572463 0.033552 0.071521
0.572397 0.033435 0.071444
0.572331 0.033318 0.071367
0.572265 0.033202 0.071290
0.572200 0.033085 0.071213
0.572134 0.032969 0.071136
0.572068 0.032852 0.071059
0.572003 0.032736 0.070982
0.571937 0.032619 0.070905
0.571871 0.032503 0.070828
0.571805 0.032386 0.070751
0.571740 0.032270 0.070674
0.578245 0.043807 0.078301
0.578022 0.042910 0.078247
0.577800 0.042013 0.078193
0.577577 0.041117 0.078139
0.577355 0.040220 0.078085
0.577132 0.039323 0.078031
0.576910 0.038427 0.077977
0.576687 0.037530 0.077923
0.576465 0.036633 0.077869
0.576242 0.035737 0.077815
0.576019 0.034840 0.077760
0.575797 0.033943 0.077706
0.575574 0.033046 0.077652
0.575352 0.032150 0.077598
0.575129 0.031253 0.077544
0.574907 0.030356 0.077490
0.574684 0.029460 0.077436
0.574462 0.028563 0.077382
0.574239 0.027666 0.077328
0.574017 0.026770 0.077274
0.573794 0.025873 0.077220
0.573571 0.024976 0.077166
0.573349 0.024080 0.077112
0.573126 0.023183 0.077058
0.572904 0.022286 0.077004
0.572681 0.021390 0.076950
0.572459 0.020493 0.076896
0.572236 0.019596 0.076842
0.572014 0.018700 0.076788
0.571791 0.017803 0.076734
0.571569 0.016906 0.076680
0.571346 0.016010 0.076626
0.571123 0.015113 0.076572
0.570901 0.014216 0.076518
0.570678 0.013320 0.076464
0.570456 0.012423 0.076410
0.570233 0.011526 0.076356
0.570011 0.010630 0.076302
0.569788 0.009733 0.076248
0.569566 0.008836 0.076193
0.569343 0.007940 0.076139
0.569121 0.007043 0.076085
0.568898 0.006146 0.076031
0.568675 0.005250 0.075977
0.568453 0.004353 0.075923
0.568230 0.003456 0.075869
0.568008 0.002559 0.075815
0.567785 0.001663 0.075761
0.567563 0.000766 0.075707
0.567340 -0.000131 0.075653
0.567118 -0.001027 0.075599
0.566895 -0.001924 0.075545
0.566672 -0.002821 0.075491
0.566450 -0.003717 0.075437
0.566227 -0.004614 0.075383
0.566005 -0.005511 0.075329
0.565782 -0.006407 0.075275
0.565560 -0.007304 0.075221
0.565337 -0.008201 0.075167
0.565115 -0.009097 0.075113
0.564892 -0.009994 0.075059
0.564670 -0.010891 0.075005
0.564447 -0.011787 0.074951
0.564224 -0.012684 0.074897
0.564002 -0.013581 0.074843
0.563779 -0.014477 0.074789
0.563557 -0.015374 0.074735
0.563334 -0.016271 0.074681
0.563112 -0.017167 0.074626
0.562889 -0.018064 0.074572
0.562667 -0.018961 0.074518
0.562444 -0.019857 0.074464
0.562222 -0.020754 0.074410
0.561999 -0.021651 0.074356
0.561776 -0.022547 0.074302
0.561554 -0.023444 0.074248
0.561331 -0.024341 0.074194
0.561109 -0.025238 0.074140
0.560886 -0.026134 0.074086
0.560664 -0.027031 0.074032
0.560441 -0.027928 0.073978
0.560219 -0.028824 0.073924
0.559996 -0.029721 0.073870
0.559773 -0.030618 0.073816
0.559551 -0.031514 0.073762
0.559328 -0.032411 0.073708
0.559106 -0.033308 0.073654
0.558883 -0.034204 0.073600
0.558661 -0.035101 0.073546
0.558438 -0.035998 0.073492
0.558216 -0.036894 0.073438
0.557993 -0.037791 0.073384
0.557771 -0.038688 0.073330
0.557548 -0.039584 0.073276
0.557325 -0.040481 0.073222
0.557103 -0.041378 0.073168
0.556880 -0.042274 0.073114
0.556658 -0.043171 0.073059
0.556435 -0.044068 0.073005
0.556213 -0.044964 0.072951
0.556213 -0.044964 0.072951
0.556435 -0.044068 0.073005
0.556658 -0.043171 0.073059
0.556880 -0.042274 0.073114
0.557103 -0.041378 0.073168
0.557325 -0.040481 0.073222
0.557548 -0.039584 0.073276
0.557771 -0.038688 0.073330
0.557993 -0.037791 0.073384
0.558216 -0.036894 0.073438
0.558438 -0.035998 0.073492
0.558661 -0.035101 0.073546
0.558883 -0.034204 0.073600
0.559106 -0.033308 0.073654
0.559328 -0.032411 0.073708
0.559551 -0.031514 0.073762
0.559773 -0.030618 0.073816
0.559996 -0.029721 0.073870
0.560219 -0.028824 0.073924
0.560441 -0.027928 0.073978
0.560664 -0.027031 0.074032
0.560886 -0.026134 0.074086
0.561109 -0.025238 0.074140
0.561331 -0.024341 0.074194
0.561554 -0.023444 0.074248
0.561776 -0.022547 0.074302
0.561999 -0.021651 0.074356
0.562222 -0.020754 0.074410
0.562444 -0.019857 0.074464
0.562667 -0.018961 0.074518
0.562889 -0.018064 0.074572
0.563112 -0.017167 0.074626
0.563334 -0.016271 0.074681
0.563557 -0.015374 0.074735
0.563779 -0.014477 0.074789
0.564002 -0.013581 0.074843
0.564224 -0.012684 0.074897
0.564447 -0.011787 0.074951
0.564670 -0.010891 0.075005
0.564892 -0.009994 0.075059
0.565115 -0.009097 0.075113
0.565337 -0.008201 0.075167
0.565560 -0.007304 0.075221
0.565782 -0.006407 0.075275
0.566005 -0.005511 0.075329
0.566227 -0.004614 0.075383
0.566450 -0.003717 0.075437
0.566672 -0.002821 0.075491
0.566895 -0.001924 0.075545
0.567118 -0.001027 0.075599
0.567340 -0.000131 0.075653
0.567563 0.000766 0.075707
0.567785 0.001663 0.075761
0.568008 0.002559 0.075815
0.568230 0.003456 0.075869
0.568453 0.004353 0.075923
0.568675 0.005250 0.075977
0.568898 0.006146 0.076031
0.569121 0.007043 0.076085
0.569343 0.007940 0.076139
0.569566 0.008836 0.076193
0.569788 0.009733 0.076248
0.570011 0.010630 0.076302
0.570233 0.011526 0.076356
0.570456 0.012423 0.076410
0.570678 0.013320 0.076464
0.570901 0.014216 0.076518
0.571123 0.015113 0.076572
0.571346 0.016010 0.076626
0.571569 0.016906 0.076680
0.571791 0.017803 0.076734
0.572014 0.018700 0.076788
0.572236 0.019596 0.076842
0.572459 0.020493 0.076896
0.572681 0.021390 0.076950
0.572904 0.022286 0.077004
0.573126 0.023183 0.077058
0.573349 0.024080 0.077112
0.573571 0.024976 0.077166
0.573794 0.025873 0.077220
0.574017 0.026770 0.077274
0.574239 0.027666 0.077328
0.574462 0.028563 0.077382
0.574684 0.029460 0.077436
0.574907 0.030356 0.077490
0.575129 0.031253 0.077544
0.575352 0.032150 0.077598
0.575574 0.033046 0.077652
0.575797 0.033943 0.077706
0.576019 0.034840 0.077760
0.576242 0.035737 0.077815
0.576465 0.036633 0.077869
0.576687 0.037530 0.077923
0.576910 0.038427 0.077977
0.577132 0.039323 0.078031
0.577355 0.040220 0.078085
0.577577 0.041117 0.078139
0.577800 0.042013 0.078193
0.578022 0.042910 0.078247
0.578245 0.043807 0.078301
0.556213 -0.044964 0.072951
0.556143 -0.044348 0.073012
0.556074 -0.043733 0.073073
0.556004 -0.043117 0.073134
0.555935 -0.042501 0.073195
0.555865 -0.041885 0.073255
0.555796 -0.041269 0.073316
0.555726 -0.040653 0.073377
0.555657 -0.040037 0.073438
0.555587 -0.039421 0.073499
0.555518 -0.038805 0.073560
0.555448 -0.038190 0.073620
0.555378 -0.037574 0.073681
0.555309 -0.036958 0.073742
0.555239 -0.036342 0.073803
0.555170 -0.035726 0.073864
0.555100 -0.035110 0.073924
0.555031 -0.034494 0.073985
0.554961 -0.033878 0.074046
0.554892 -0.033262 0.074107
0.554822 -0.032647 0.074168
0.554753 -0.032031 0.074229
0.554683 -0.031415 0.074289
0.554614 -0.030799 0.074350
0.554544 -0.030183 0.074411
0.554475 -0.029567 0.074472
0.554405 -0.028951 0.074533
0.554336 -0.028335 0.074593
0.554266 -0.027719 0.074654
0.554197 -0.027103 0.074715
0.554127 -0.026488 0.074776
0.554058 -0.025872 0.074837
0.553988 -0.025256 0.074898
0.553919 -0.024640 0.074958
0.553849 -0.024024 0.075019
0.553780 -0.023408 0.075080
0.553710 -0.022792 0.075141
0.553640 -0.022176 0.075202
0.553571 -0.021560 0.075262
0.553501 -0.020945 0.075323
0.553432 -0.020329 0.075384
0.553362 -0.019713 0.075445
0.553293 -0.019097 0.075506
0.553223 -0.018481 0.075567
0.553154 -0.017865 0.075627
0.553084 -0.017249 0.075688
0.553015 -0.016633 0.075749
0.552945 -0.016017 0.075810
0.552876 -0.015402 0.075871
0.552806 -0.014786 0.075931
0.552737 -0.014170 0.075992
0.552667 -0.013554 0.076053
0.552598 -0.012938 0.076114
0.552528 -0.012322 0.076175
0.552459 -0.011706 0.076236
0.552389 -0.011090 0.076296
0.552320 -0.010474 0.076357
0.552250 -0.009859 0.076418
0.552181 -0.009243 0.076479
0.552111 -0.008627 0.076540
0.552042 -0.008011 0.076600
0.551972 -0.007395 0.076661
0.551902 -0.006779 0.076722
0.551833 -0.006163 0.076783
0.551763 -0.005547 0.076844
0.551694 -0.004931 0.076904
0.551624 -0.004315 0.076965
0.551555 -0.003700 0.077026
0.551485 -0.003084 0.077087
0.551416 -0.002468 0.077148
0.551346 -0.001852 0.077209
0.551277 -0.001236 0.077269
0.551207 -0.000620 0.077330
0.551138 -0.000004 0.077391
0.551068 0.000612 0.077452
0.550999 0.001228 0.077513
0.550929 0.001843 0.077573
0.550860 0.002459 0.077634
0.550790 0.003075 0.077695
0.550721 0.003691 0.077756
0.550651 0.004307 0.077817
0.550582 0.004923 0.077878
0.550512 0.005539 0.077938
0.550443 0.006155 0.077999
0.550373 0.006771 0.078060
0.550304 0.007386 0.078121
0.550234 0.008002 0.078182
0.550165 0.008618 0.078242
0.550095 0.009234 0.078303
0.550025 0.009850 0.078364
0.549956 0.010466 0.078425
0.549886 0.011082 0.078486
0.549817 0.011698 0.078547
0.549747 0.012314 0.078607
0.549678 0.012930 0.078668
0.549608 0.013545 0.078729
0.549539 0.014161 0.078790
0.549469 0.014777 0.078851
0.549400 0.015393 0.078911
0.549330 0.016009 0.078972
0.549330 0.016009 0.078972
0.549400 0.015393 0.078911
0.549469 0.014777 0.078851
0.549539 0.014161 0.078790
0.549608 0.013545 0.078729
0.549678 0.012930 0.078668
0.549747 0.012314 0.078607
0.549817 0.011698 0.078547
0.549886 0.011082 0.078486
0.549956 0.010466 0.078425
0.550025 0.009850 0.078364
0.550095 0.009234 0.078303
0.550165 0.008618 0.078242
0.550234 0.008002 0.078182
0.550304 0.007386 0.078121
0.550373 0.006771 0.078060
0.550443 0.006155 0.077999
0.550512 0.005539 0.077938
0.550582 0.004923 0.077878
0.550651 0.004307 0.077817
0.550721 0.003691 0.077756
0.550790 0.003075 0.077695
0.550860 0.002459 0.077634
0.550929 0.001843 0.077573
0.550999 0.001228 0.077513
0.551068 0.000612 0.077452
0.551138 -0.000004 0.077391
0.551207 -0.000620 0.077330
0.551277 -0.001236 0.077269
0.551346 -0.001852 0.077209
0.551416 -0.002468 0.077148
0.551485 -0.003084 0.077087
0.551555 -0.003700 0.077026
0.551624 -0.004315 0.076965
0.551694 -0.004931 0.076904
0.551763 -0.005547 0.076844
0.551833 -0.006163 0.076783
0.551902 -0.006779 0.076722
0.551972 -0.007395 0.076661
0.552042 -0.008011 0.076600
0.552111 -0.008627 0.076540
0.552181 -0.009243 0.076479
0.552250 -0.009859 0.076418
0.552320 -0.010474 0.076357
0.552389 -0.011090 0.076296
0.552459 -0.011706 0.076236
0.552528 -0.012322 0.076175
0.552598 -0.012938 0.076114
0.552667 -0.013554 0.076053
0.552737 -0.014170 0.075992
0.552806 -0.014786 0.075931
0.552876 -0.015402 0.075871
0.552945 -0.016017 0.075810
0.553015 -0.016633 0.075749
0.553084 -0.017249 0.075688
0.553154 -0.017865 0.075627
0.553223 -0.018481 0.075567
0.553293 -0.019097 0.075506
0.553362 -0.019713 0.075445
0.553432 -0.020329 0.075384
0.553501 -0.020945 0.075323
0.553571 -0.021560 0.075262
0.553640 -0.022176 0.075202
0.553710 -0.022792 0.075141
0.553780 -0.023408 0.075080
0.553849 -0.024024 0.075019
0.553919 -0.024640 0.074958
0.553988 -0.025256 0.074898
0.554058 -0.025872 0.074837
0.554127 -0.026488 0.074776
0.554197 -0.027103 0.074715
0.554266 -0.027719 0.074654
0.554336 -0.028335 0.074593
0.554405 -0.028951 0.074533
0.554475 -0.029567 0.074472
0.554544 -0.030183 0.074411
0.554614 -0.030799 0.074350
0.554683 -0.031415 0.074289
0.554753 -0.032031 0.074229
0.554822 -0.032647 0.074168
0.554892 -0.033262 0.074107
0.554961 -0.033878 0.074046
0.555031 -0.034494 0.073985
0.555100 -0.035110 0.073924
0.555170 -0.035726 0.073864
0.555239 -0.036342 0.073803
0.555309 -0.036958 0.073742
0.555378 -0.037574 0.073681
0.555448 -0.038190 0.073620
0.555518 -0.038805 0.073560
0.555587 -0.039421 0.073499
0.555657 -0.040037 0.073438
0.555726 -0.040653 0.073377
0.555796 -0.041269 0.073316
0.555865 -0.041885 0.073255
0.555935 -0.042501 0.073195
0.556004 -0.043117 0.073134
0.556074 -0.043733 0.073073
0.556143 -0.044348 0.073012
0.556213 -0.044964 0.072951
0.549330 0.016009 0.078972
0.549841 0.016147 0.078976
0.550352 0.016285 0.078981
0.550863 0.016424 0.078985
0.551374 0.016562 0.078989
0.551885 0.016700 0.078993
0.552396 0.016838 0.078998
0.552907 0.016977 0.079002
0.553418 0.017115 0.079006
0.553929 0.017253 0.079010
0.554440 0.017391 0.079015
0.554951 0.017530 0.079019
0.555462 0.017668 0.079023
0.555973 0.017806 0.079027
0.556484 0.017944 0.079032
0.556995 0.018083 0.079036
0.557506 0.018221 0.079040
0.558017 0.018359 0.079044
0.558528 0.018497 0.079049
0.559039 0.018635 0.079053
0.559550 0.018774 0.079057
0.560061 0.018912 0.079061
0.560572 0.019050 0.079065
0.561083 0.019188 0.079070
0.561594 0.019327 0.079074
0.562105 0.019465 0.079078
0.562616 0.019603 0.079082
0.563127 0.019741 0.079087
0.563638 0.019880 0.079091
0.564149 0.020018 0.079095
0.564660 0.020156 0.079099
0.565171 0.020294 0.079104
0.565682 0.020432 0.079108
0.566193 0.020571 0.079112
0.566704 0.020709 0.079116
0.567214 0.020847 0.079121
0.567725 0.020985 0.079125
0.568236 0.021124 0.079129
0.568747 0.021262 0.079133
0.569258 0.021400 0.079137
0.569769 0.021538 0.079142
0.570280 0.021677 0.079146
0.570791 0.021815 0.079150
0.571302 0.021953 0.079154
0.571813 0.022091 0.079159
0.572324 0.022230 0.079163
0.572835 0.022368 0.079167
0.573346 0.022506 0.079171
0.573857 0.022644 0.079176
0.574368 0.022782 0.079180
0.574879 0.022921 0.079184
0.575390 0.023059 0.079188
0.575901 0.023197 0.079193
0.576412 0.023335 0.079197
0.576923 0.023474 0.079201
0.577434 0.023612 0.079205
0.577945 0.023750 0.079209
0.578456 0.023888 0.079214
0.578967 0.024027 0.079218
0.579478 0.024165 0.079222
0.579989 0.024303 0.079226
0.580500 0.024441 0.079231
0.581011 0.024579 0.079235
0.581522 0.024718 0.079239
0.582033 0.024856 0.079243
0.582544 0.024994 0.079248
0.583055 0.025132 0.079252
0.583566 0.025271 0.079256
0.584077 0.025409 0.079260
0.584588 0.025547 0.079265
0.585099 0.025685 0.079269
0.585610 0.025824 0.079273
0.586121 0.025962 0.079277
0.586632 0.026100 0.079281
0.587143 0.026238 0.079286
0.587654 0.026377 0.079290
0.588165 0.026515 0.079294
0.588676 0.026653 0.079298
0.589187 0.026791 0.079303
0.589698 0.026929 0.079307
0.590209 0.027068 0.079311
0.590719 0.027206 0.079315
0.591230 0.027344 0.079320
0.591741 0.027482 0.079324
0.592252 0.027621 0.079328
0.592763 0.027759 0.079332
0.593274 0.027897 0.079337
0.593785 0.028035 0.079341
0.594296 0.028174 0.079345
0.594807 0.028312 0.079349
0.595318 0.028450 0.079354
0.595829 0.028588 0.079358
0.596340 0.028727 0.079362
0.596851 0.028865 0.079366
0.597362 0.029003 0.079370
0.597873 0.029141 0.079375
0.598384 0.029279 0.079379
0.598895 0.029418 0.079383
0.599406 0.029556 0.079387
0.599917 0.029694 0.079392
0.599917 0.029694 0.079392
0.599406 0.029556 0.079387
0.598895 0.029418 0.079383
0.598384 0.029279 0.079379
0.597873 0.029141 0.079375
0.597362 0.029003 0.079370
0.596851 0.028865 0.079366
0.596340 0.028727 0.079362
0.595829 0.028588 0.079358
0.595318 0.028450 0.079354
0.594807 0.028312 0.079349
0.594296 0.028174 0.079345
0.593785 0.028035 0.079341
0.593274 0.027897 0.079337
0.592763 0.027759 0.079332
0.592252 0.027621 0.079328
0.591741 0.027482 0.079324
0.591230 0.027344 0.079320
0.590719 0.027206 0.079315
0.590209 0.027068 0.079311
0.589698 0.026929 0.079307
0.589187 0.026791 0.079303
0.588676 0.026653 0.079298
0.588165 0.026515 0.079294
0.587654 0.026377 0.079290
0.587143 0.026238 0.079286
0.586632 0.026100 0.079281
0.586121 0.025962 0.079277
0.585610 0.025824 0.079273
0.585099 0.025685 0.079269
0.584588 0.025547 0.079265
0.584077 0.025409 0.079260
0.583566 0.025271 0.079256
0.583055 0.025132 0.079252
0.582544 0.024994 0.079248
0.582033 0.024856 0.079243
0.581522 0.024718 0.079239
0.581011 0.024579 0.079235
0.580500 0.024441 0.079231
0.579989 0.024303 0.079226
0.579478 0.024165 0.079222
0.578967 0.024027 0.079218
0.578456 0.023888 0.079214
0.577945 0.023750 0.079209
0.577434 0.023612 0.079205
0.576923 0.023474 0.079201
0.576412 0.023335 0.079197
0.575901 0.023197 0.079193
0.575390 0.023059 0.079188
0.574879 0.022921 0.079184
0.574368 0.022782 0.079180
0.573857 0.022644 0.079176
0.573346 0.022506 0.079171
0.572835 0.022368 0.079167
0.572324 0.022230 0.079163
0.571813 0.022091 0.079159
0.571302 0.021953 0.079154
0.570791 0.021815 0.079150
0.570280 0.021677 0.079146
0.569769 0.021538 0.079142
0.569258 0.021400 0.079137
0.568747 0.021262 0.079133
0.568236 0.021124 0.079129
0.567725 0.020985 0.079125
0.567214 0.020847 0.079121
0.566704 0.020709 0.079116
0.566193 0.020571 0.079112
0.565682 0.020432 0.079108
0.565171 0.020294 0.079104
0.564660 0.020156 0.079099
0.564149 0.020018 0.079095
0.563638 0.019880 0.079091
0.563127 0.019741 0.079087
0.562616 0.019603 0.079082
0.562105 0.019465 0.079078
0.561594 0.019327 0.079074
0.561083 0.019188 0.079070
0.560572 0.019050 0.079065
0.560061 0.018912 0.079061
0.559550 0.018774 0.079057
0.559039 0.018635 0.079053
0.558528 0.018497 0.079049
0.558017 0.018359 0.079044
0.557506 0.018221 0.079040
0.556995 0.018083 0.079036
0.556484 0.017944 0.079032
0.555973 0.017806 0.079027
0.555462 0.017668 0.079023
0.554951 0.017530 0.079019
0.554440 0.017391 0.079015
0.553929 0.017253 0.079010
0.553418 0.017115 0.079006
0.552907 0.016977 0.079002
0.552396 0.016838 0.078998
0.551885 0.016700 0.078993
0.551374 0.016562 0.078989
0.550863 0.016424 0.078985
0.550352 0.016285 0.078981
0.549841 0.016147 0.078976
0.549330 0.016009 0.078972
0.599917 0.029694 0.079392
0.599303 0.029685 0.079359
0.598688 0.029676 0.079327
0.598074 0.029668 0.079295
0.597459 0.029659 0.079262
0.596845 0.029650 0.079230
0.596230 0.029641 0.079198
0.595616 0.029632 0.079165
0.595001 0.029623 0.079133
0.594387 0.029615 0.079101
0.593772 0.029606 0.079068
0.593158 0.029597 0.079036
0.592543 0.029588 0.079003
0.591929 0.029579 0.078971
0.591314 0.029570 0.078939
0.590700 0.029562 0.078906
0.590085 0.029553 0.078874
0.589471 0.029544 0.078842
0.588856 0.029535 0.078809
0.588242 0.029526 0.078777
0.587628 0.029517 0.078745
0.587013 0.029509 0.078712
0.586399 0.029500 0.078680
0.585784 0.029491 0.078648
0.585170 0.029482 0.078615
0.584555 0.029473 0.078583
0.583941 0.029464 0.078551
0.583326 0.029455 0.078518
0.582712 0.029447 0.078486
0.582097 0.029438 0.078454
0.581483 0.029429 0.078421
0.580868 0.029420 0.078389
0.580254 0.029411 0.078357
0.579639 0.029402 0.078324
0.579025 0.029394 0.078292
0.578410 0.029385 0.078260
0.577796 0.029376 0.078227
0.577181 0.029367 0.078195
0.576567 0.029358 0.078162
0.575952 0.029349 0.078130
0.575338 0.029341 0.078098
0.574723 0.029332 0.078065
0.574109 0.029323 0.078033
0.573494 0.029314 0.078001
0.572880 0.029305 0.077968
0.572266 0.029296 0.077936
0.571651 0.029288 0.077904
0.571037 0.029279 0.077871
0.570422 0.029270 0.077839
0.569808 0.029261 0.077807
0.569193 0.029252 0.077774
0.568579 0.029243 0.077742
0.567964 0.029234 0.077710
0.567350 0.029226 0.077677
0.566735 0.029217 0.077645
0.566121 0.029208 0.077613
0.565506 0.029199 0.077580
0.564892 0.029190 0.077548
0.564277 0.029181 0.077516
0.563663 0.029173 0.077483
0.563048 0.029164 0.077451
0.562434 0.029155 0.077419
0.561819 0.029146 0.077386
0.561205 0.029137 0.077354
0.560590 0.029128 0.077321
0.559976 0.029120 0.077289
0.559361 0.029111 0.077257
0.558747 0.029102 0.077224
0.558133 0.029093 0.077192
0.557518 0.029084 0.077160
0.556904 0.029075 0.077127
0.556289 0.029067 0.077095
0.555675 0.029058 0.077063
0.555060 0.029049 0.077030
0.554446 0.029040 0.076998
0.553831 0.029031 0.076966
0.553217 0.029022 0.076933
0.552602 0.029013 0.076901
0.551988 0.029005 0.076869
0.551373 0.028996 0.076836
0.550759 0.028987 0.076804
0.550144 0.028978 0.076772
0.549530 0.028969 0.076739
0.548915 0.028960 0.076707
0.548301 0.028952 0.076675
0.547686 0.028943 0.076642
0.547072 0.028934 0.076610
0.546457 0.028925 0.076578
0.545843 0.028916 0.076545
0.545228 0.028907 0.076513
0.544614 0.028899 0.076480
0.544000 0.028890 0.076448
0.543385 0.028881 0.076416
0.542771 0.028872 0.076383
0.542156 0.028863 0.076351
0.541542 0.028854 0.076319
0.540927 0.028846 0.076286
0.540313 0.028837 0.076254
0.539698 0.028828 0.076222
0.539084 0.028819 0.076189
0.539084 0.028819 0.076189
0.539698 0.028828 0.076222
0.540313 0.028837 0.076254
0.540927 0.028846 0.076286
0.541542 0.028854 0.076319
0.542156 0.028863 0.076351
0.542771 0.028872 0.076383
0.543385 0.028881 0.076416
0.544000 0.028890 0.076448
0.544614 0.028899 0.076480
0.545228 0.028907 0.076513
0.545843 0.028916 0.076545
0.546457 0.028925 0.076578
0.547072 0.028934 0.076610
0.547686 0.028943 0.076642
0.548301 0.028952 0.076675
0.548915 0.028960 0.076707
0.549530 0.028969 0.076739
0.550144 0.028978 0.076772
0.550759 0.028987 0.076804
0.551373 0.028996 0.076836
0.551988 0.029005 0.076869
0.552602 0.029013 0.076901
0.553217 0.029022 0.076933
0.553831 0.029031 0.076966
0.554446 0.029040 0.076998
0.555060 0.029049 0.077030
0.555675 0.029058 0.077063
0.556289 0.029067 0.077095
0.556904 0.029075 0.077127
0.557518 0.029084 0.077160
0.558133 0.029093 0.077192
0.558747 0.029102 0.077224
0.559361 0.029111 0.077257
0.559976 0.029120 0.077289
0.560590 0.029128 0.077321
0.561205 0.029137 0.077354
0.561819 0.029146 0.077386
0.562434 0.029155 0.077419
0.563048 0.029164 0.077451
0.563663 0.029173 0.077483
0.564277 0.029181 0.077516
0.564892 0.029190 0.077548
0.565506 0.029199 0.077580
0.566121 0.029208 0.077613
0.566735 0.029217 0.077645
0.567350 0.029226 0.077677
0.567964 0.029234 0.077710
0.568579 0.029243 0.077742
0.569193 0.029252 0.077774
0.569808 0.029261 0.077807
0.570422 0.029270 0.077839
0.571037 0.029279 0.077871
0.571651 0.029288 0.077904
0.572266 0.029296 0.077936
0.572880 0.029305 0.077968
0.573494 0.029314 0.078001
0.574109 0.029323 0.078033
0.574723 0.029332 0.078065
0.575338 0.029341 0.078098
0.575952 0.029349 0.078130
0.576567 0.029358 0.078162
0.577181 0.029367 0.078195
0.577796 0.029376 0.078227
0.578410 0.029385 0.078260
0.579025 0.029394 0.078292
0.579639 0.029402 0.078324
0.580254 0.029411 0.078357
0.580868 0.029420 0.078389
0.581483 0.029429 0.078421
0.582097 0.029438 0.078454
0.582712 0.029447 0.078486
0.583326 0.029455 0.078518
0.583941 0.029464 0.078551
0.584555 0.029473 0.078583
0.585170 0.029482 0.078615
0.585784 0.029491 0.078648
0.586399 0.029500 0.078680
0.587013 0.029509 0.078712
0.587628 0.029517 0.078745
0.588242 0.029526 0.078777
0.588856 0.029535 0.078809
0.589471 0.029544 0.078842
0.590085 0.029553 0.078874
0.590700 0.029562 0.078906
0.591314 0.029570 0.078939
0.591929 0.029579 0.078971
0.592543 0.029588 0.079003
0.593158 0.029597 0.079036
0.593772 0.029606 0.079068
0.594387 0.029615 0.079101
0.595001 0.029623 0.079133
0.595616 0.029632 0.079165
0.596230 0.029641 0.079198
0.596845 0.029650 0.079230
0.597459 0.029659 0.079262
0.598074 0.029668 0.079295
0.598688 0.029676 0.079327
0.599303 0.029685 0.079359
0.599917 0.029694 0.079392
0.539084 0.028819 0.076189
0.539408 0.028860 0.076128
0.539733 0.028901 0.076066
0.540058 0.028942 0.076005
0.540383 0.028983 0.075943
0.540708 0.029024 0.075881
0.541033 0.029066 0.075820
0.541357 0.029107 0.075758
0.541682 0.029148 0.075697
0.542007 0.029189 0.075635
0.542332 0.029230 0.075573
0.542657 0.029271 0.075512
0.542981 0.029312 0.075450
0.543306 0.029353 0.075388
0.543631 0.029394 0.075327
0.543956 0.029435 0.075265
0.544281 0.029476 0.075204
0.544605 0.029518 0.075142
0.544930 0.029559 0.075080
0.545255 0.029600 0.075019
0.545580 0.029641 0.074957
0.545905 0.029682 0.074896
0.546230 0.029723 0.074834
0.546554 0.029764 0.074772
0.546879 0.029805 0.074711
0.547204 0.029846 0.074649
0.547529 0.029887 0.074588
0.547854 0.029928 0.074526
0.548178 0.029970 0.074464
0.548503 0.030011 0.074403
0.548828 0.030052 0.074341
0.549153 0.030093 0.074280
0.549478 0.030134 0.074218
0.549803 0.030175 0.074156
0.550127 0.030216 0.074095
0.550452 0.030257 0.074033
0.550777 0.030298 0.073972
0.551102 0.030339 0.073910
0.551427 0.030380 0.073848
0.551751 0.030422 0.073787
0.552076 0.030463 0.073725
0.552401 0.030504 0.073663
0.552726 0.030545 0.073602
0.553051 0.030586 0.073540
0.553375 0.030627 0.073479
0.553700 0.030668 0.073417
0.554025 0.030709 0.073355
0.554350 0.030750 0.073294
0.554675 0.030791 0.073232
0.555000 0.030832 0.073171
0.555324 0.030874 0.073109
0.555649 0.030915 0.073047
0.555974 0.030956 0.072986
0.556299 0.030997 0.072924
0.556624 0.031038 0.072863
0.556948 0.031079 0.072801
0.557273 0.031120 0.072739
0.557598 0.031161 0.072678
0.557923 0.031202 0.072616
0.558248 0.031243 0.072555
0.558572 0.031284 0.072493
0.558897 0.031326 0.072431
0.559222 0.031367 0.072370
0.559547 0.031408 0.072308
0.559872 0.031449 0.072247
0.560197 0.031490 0.072185
0.560521 0.031531 0.072123
0.560846 0.031572 0.072062
0.561171 0.031613 0.072000
0.561496 0.031654 0.071938
0.561821 0.031695 0.071877
0.562145 0.031736 0.071815
0.562470 0.031778 0.071754
0.562795 0.031819 0.071692
0.563120 0.031860 0.071630
0.563445 0.031901 0.071569
0.563769 0.031942 0.071507
0.564094 0.031983 0.071446
0.564419 0.032024 0.071384
0.564744 0.032065 0.071322
0.565069 0.032106 0.071261
0.565394 0.032147 0.071199
0.565718 0.032188 0.071138
0.566043 0.032230 0.071076
0.566368 0.032271 0.071014
0.566693 0.032312 0.070953
0.567018 0.032353 0.070891
0.567342 0.032394 0.070830
0.567667 0.032435 0.070768
0.567992 0.032476 0.070706
0.568317 0.032517 0.070645
0.568642 0.032558 0.070583
0.568966 0.032599 0.070522
0.569291 0.032640 0.070460
0.569616 0.032682 0.070398
0.569941 0.032723 0.070337
0.570266 0.032764 0.070275
0.570591 0.032805 0.070213
0.570915 0.032846 0.070152
0.571240 0.032887 0.070090
0.571240 0.032887 0.070090
0.570915 0.032846 0.070152
0.570591 0.032805 0.070213
0.570266 0.032764 0.070275
0.569941 0.032723 0.070337
0.569616 0.032682 0.070398
0.569291 0.032640 0.070460
0.568966 0.032599 0.070522
0.568642 0.032558 0.070583
0.568317 0.032517 0.070645
0.567992 0.032476 0.070706
0.567667 0.032435 0.070768
0.567342 0.032394 0.070830
0.567018 0.032353 0.070891
0.566693 0.032312 0.070953
0.566368 0.032271 0.071014
0.566043 0.032230 0.071076
0.565718 0.032188 0.071138
0.565394 0.032147 0.071199
0.565069 0.032106 0.071261
0.564744 0.032065 0.071322
0.564419 0.032024 0.071384
0.564094 0.031983 0.071446
0.563769 0.031942 0.071507
0.563445 0.031901 0.071569
0.563120 0.031860 0.071630
0.562795 0.031819 0.071692
0.562470 0.031778 0.071754
0.562145 0.031736 0.071815
0.561821 0.031695 0.071877
0.561496 0.031654 0.071938
0.561171 0.031613 0.072000
0.560846 0.031572 0.072062
0.560521 0.031531 0.072123
0.560197 0.031490 0.072185
0.559872 0.031449 0.072247
0.559547 0.031408 0.072308
0.559222 0.031367 0.072370
0.558897 0.031326 0.072431
0.558572 0.031284 0.072493
0.558248 0.031243 0.072555
0.557923 0.031202 0.072616
0.557598 0.031161 0.072678
0.557273 0.031120 0.072739
0.556948 0.031079 0.072801
0.556624 0.031038 0.072863
0.556299 0.030997 0.072924
0.555974 0.030956 0.072986
0.555649 0.030915 0.073047
0.555324 0.030874 0.073109
0.555000 0.030832 0.073171
0.554675 0.030791 0.073232
0.554350 0.030750 0.073294
0.554025 0.030709 0.073355
0.553700 0.030668 0.073417
0.553375 0.030627 0.073479
0.553051 0.030586 0.073540
0.552726 0.030545 0.073602
0.552401 0.030504 0.073663
0.552076 0.030463 0.073725
0.551751 0.030422 0.073787
0.551427 0.030380 0.073848
0.551102 0.030339 0.073910
0.550777 0.030298 0.073972
0.550452 0.030257 0.074033
0.550127 0.030216 0.074095
0.549803 0.030175 0.074156
0.549478 0.030134 0.074218
0.549153 0.030093 0.074280
0.548828 0.030052 0.074341
0.548503 0.030011 0.074403
0.548178 0.029970 0.074464
0.547854 0.029928 0.074526
0.547529 0.029887 0.074588
0.547204 0.029846 0.074649
0.546879 0.029805 0.074711
0.546554 0.029764 0.074772
0.546230 0.029723 0.074834
0.545905 0.029682 0.074896
0.545580 0.029641 0.074957
0.545255 0.029600 0.075019
0.544930 0.029559 0.075080
0.544605 0.029518 0.075142
0.544281 0.029476 0.075204
0.543956 0.029435 0.075265
0.543631 0.029394 0.075327
0.543306 0.029353 0.075388
0.542981 0.029312 0.075450
0.542657 0.029271 0.075512
0.542332 0.029230 0.075573
0.542007 0.029189 0.075635
0.541682 0.029148 0.075697
0.541357 0.029107 0.075758
0.541033 0.029066 0.075820
0.540708 0.029024 0.075881
0.540383 0.028983 0.075943
0.540058 0.028942 0.076005
0.539733 0.028901 0.076066
0.539408 0.028860 0.076128
0.539084 0.028819 0.076189
